Price,Close,High,Low,Open,Volume,Ticker,RSI,MACD,ATR,BB_upper,BB_lower,Momentum
2019-01-30,39.36391830444336,39.578304302722984,38.16811172006146,38.887501744026494,244439200.0,AAPL,25.344804121561694,0.1798424325147181,0.9623608117134645,38.79713862445617,34.357818956110236,2.9013824462890625
2019-01-31,39.64738464355469,40.257197227088255,39.199551937310474,39.568775479069075,162958400.0,AAPL,26.41673147581473,0.3599459017219999,0.9849906222603124,39.25572304880517,34.10218787038428,2.7393875122070312
2019-02-01,39.66643905639648,40.25242931959905,39.52589342559066,39.77125126861664,130672400.0,AAPL,26.493134750982506,0.49847067090913555,0.9979219274777061,39.51922731415455,34.41824407561596,2.5392990112304616
2019-02-04,40.79316329956055,40.89082955557132,39.84747624498772,39.87844448098369,125982000.0,AAPL,31.052044996207528,0.6912020317393939,1.0331429436374044,40.19111311345607,34.29399888605565,3.4373397827148438
2019-02-05,41.491119384765625,41.70550903271067,41.05520140029468,41.17668632312443,144406400.0,AAPL,33.79136589332994,0.8900028479419717,1.0406309492796757,40.907316727966794,34.20309205499219,4.973789215087891
2019-02-06,41.50542449951172,41.82224204337491,41.174315036113065,41.60308716126109,112958400.0,AAPL,33.849375964410584,1.0367571393289623,1.0379085130494963,41.5258184428243,34.144142342087804,4.840404510498047
2019-02-07,40.71932601928711,41.43395089534404,40.57639959016769,41.06710809016357,126966800.0,AAPL,32.18076377866667,1.0772119659039348,1.0294018252262813,41.8951430605217,34.1947796537117,4.344913482666016
2019-02-08,40.76715850830078,40.826965969177806,40.291089805590886,40.42745256856221,95280000.0,AAPL,32.39913114151814,1.1004471201400676,1.033308432468043,42.224744644714995,34.27825027410825,3.1874122619628906
2019-02-11,40.5327262878418,40.95855893207921,40.48966665155167,40.920281266248566,83973600.0,AAPL,31.857718356156553,1.087409447095979,0.9953381047789419,42.44809190198253,34.48050154284169,3.300762176513672
2019-02-12,40.88199996948242,40.90831540610889,40.59731578698485,40.69300994306237,89134000.0,AAPL,33.63703870356156,1.0926649035359546,0.9636346768882105,42.62688317683959,34.81678557010866,4.035942077636719
2019-02-13,40.71214294433594,41.26237244865827,40.649944483984534,41.001612731729914,89960800.0,AAPL,33.18324479715872,1.0707805565352402,0.9607589228805214,42.783815574461414,35.08481388110499,1.3482246398925781
2019-02-14,40.860469818115234,40.97051353375331,40.52076378013357,40.599710089365466,87342800.0,AAPL,34.02033455298222,1.0532644164055611,0.9004929576549766,42.94911913674247,35.314757587500694,1.2130851745605469
2019-02-15,40.76955795288086,41.07577192408644,40.60927436251219,40.96811920223984,98507200.0,AAPL,33.741315369713035,1.020285702935908,0.864053354584814,43.07566163963376,35.55245687538089,1.103118896484382
2019-02-19,40.891563415527344,41.013572995865594,40.54707543963872,40.59970630755749,75891200.0,AAPL,34.517498387578655,0.9925531215632688,0.8289747244336034,43.196875723929324,35.78481678095349,0.09840011596679688
2019-02-20,41.15470886230469,41.46331739844876,40.90591143619729,40.95375667386898,104457600.0,AAPL,36.25205618190487,0.9805058285320314,0.6746538367224701,43.21981128887542,36.22561908527008,-0.3364105224609375
2019-02-21,40.92266845703125,41.236059059948154,40.74085503673257,41.09969990731384,68998800.0,AAPL,35.362528911340235,0.9413828648699933,0.6344794605394561,43.15641786696261,36.71477735398466,-0.5827560424804688
2019-02-22,41.37961196899414,41.38678857671853,40.99923715816156,41.04708242644416,75652800.0,AAPL,38.55968360041738,0.9364542946945562,0.6157354766593767,42.992823807730055,37.37889135645451,0.6602859497070312
2019-02-25,41.68102264404297,42.07335951698332,41.61403856698182,41.66427844995689,87493600.0,AAPL,40.64521079643956,0.9459651919149081,0.5778324087175432,42.98760799413584,37.79423480981923,0.9138641357421875
2019-02-26,41.704952239990234,41.93700555357512,41.42744465771321,41.556630858244425,68280800.0,AAPL,40.816970398983564,0.9445454330957119,0.5490620631969563,42.80428339297,38.424858223851295,1.1722259521484375
2019-02-27,41.834129333496094,41.86523038704116,41.3221775193489,41.4370104938114,111341600.0,AAPL,41.796126588273694,0.9429737613307623,0.5415710532277005,42.22640921892223,39.501539542064094,0.9521293640136719
2019-02-28,41.422664642333984,41.84371169320655,41.367642775589275,41.70256689790694,112861600.0,AAPL,39.55147366633689,0.8981728606663069,0.5092170538186467,42.15165071157719,39.7821726831982,0.7105216979980469
2019-03-01,41.858062744140625,41.90112238101423,41.36046403267698,41.692993502073456,103544800.0,AAPL,43.03757701519285,0.8875694638719906,0.5095586384436704,42.15112836306044,40.00376284177355,0.9975929260253906
2019-03-04,42.0685920715332,42.523127558569534,41.6188385556819,42.03031439989486,109744800.0,AAPL,44.69832443120507,0.8859415698351469,0.5406584043265349,42.135489350179114,40.259617156168545,1.2990341186523438
2019-03-05,41.99201965332031,42.10445798656309,41.755180763016945,42.090104778124974,78949600.0,AAPL,44.19364064333676,0.8684616129991483,0.5387789832750387,42.23884555829892,40.27614658342472,1.1004562377929688
2019-03-06,41.75040054321289,41.98245382364105,41.61164677190009,41.78628356581174,83241600.0,AAPL,42.560663516125594,0.8255950327572634,0.522203620185502,42.27145815795833,40.26946209961003,0.5956916809082031
2019-03-07,41.26716232299805,41.731268964485146,41.1523329803737,41.59490615420206,99185600.0,AAPL,39.423145196179796,0.7440526969636352,0.5327977494154627,42.253423387334315,40.26367065258268,0.3444938659667969
2019-03-08,41.365238189697266,41.40351584543841,40.54946344721021,40.74563369511494,95997600.0,AAPL,40.38371374088135,0.6795107343894884,0.560480237747888,42.253428376048625,40.328256880909386,-0.014373779296875
2019-03-11,42.7982292175293,42.85086008948582,41.94896596170817,41.98245800292062,128044000.0,AAPL,52.28826105951929,0.7355126322067207,0.6332748337165793,42.534224857571125,40.25056747030974,1.1172065734863281
2019-03-12,43.27907180786133,43.7001150177496,42.910655805146085,43.061371774471205,129870400.0,AAPL,55.499392253352326,0.8093646661104543,0.6568556778093573,42.87810918384315,40.181317696039656,1.5741195678710938
2019-03-13,43.47046661376953,43.8508412776213,43.281472949096475,43.59964915325102,124130000.0,AAPL,56.74723143551784,0.8732703790008003,0.6623246382768134,43.2251101404713,40.09316340384022,1.6363372802734375
2019-03-14,43.95370864868164,44.04222619421503,43.673810102809064,43.99437729377165,94318000.0,AAPL,59.811414035672684,0.9519363804434917,0.670013171188115,43.62712175075069,40.0153083639954,2.5310440063476562
2019-03-15,44.525482177734375,44.81495205623566,43.956117314378744,44.22166273502183,156171600.0,AAPL,63.13887760953869,1.0483325732880573,0.6819771611570324,44.11756186432895,39.89136948637906,2.66741943359375
2019-03-18,44.980010986328125,45.06852488941189,44.44652563165641,44.4489202671077,104879200.0,AAPL,65.57870887949753,1.1481685544268814,0.6900084727208592,44.62776400402186,39.802212650030874,2.911418914794922
2019-03-19,44.623558044433594,45.21206527171253,44.47762764277541,45.058958264264525,126585600.0,AAPL,62.10689429742488,1.1848680935220983,0.7036788128097778,44.95647712238757,39.846698994555794,2.6315383911132812
2019-03-20,45.01349639892578,45.33167258657219,44.192935988604326,44.551780818984106,124140800.0,AAPL,64.33151878198453,1.2312247168921218,0.7510122185491055,45.32941977413693,39.859635096468544,3.2630958557128906
2019-03-21,46.6713752746582,46.968021759872464,45.40824128981,45.45848119107135,204136800.0,AAPL,71.88813953451377,1.3857654037288683,0.8520027194497791,46.05093956130757,39.71298599106059,5.404212951660156
2019-03-22,45.70487594604492,47.29336243407434,45.64028284695774,46.731170674231585,169630800.0,AAPL,63.448947423384595,1.4139524295522747,0.9054877611804193,46.422074449961784,39.774377500111456,4.339637756347656
2019-03-25,45.152252197265625,45.92735472943375,44.6403003623013,45.814916385507885,175381200.0,AAPL,59.1716451315797,1.3758389179209587,0.9724718428651552,46.646178250266765,39.89739665512874,2.354022979736328
2019-03-26,44.68576431274414,46.14267759853369,44.15706812534441,45.85081674426357,199202000.0,AAPL,55.75481484381428,1.293086119810134,1.0871315994200879,46.767028852721054,40.07462725994985,1.4066925048828125
2019-03-27,45.0876579284668,45.39626288224438,44.62833697497821,45.15464200603648,119393600.0,AAPL,58.00472716011094,1.2455751718913817,1.099264338307729,46.921246252635925,40.24576271953204,1.6171913146972656
2019-03-28,45.1474723815918,45.34842464537016,44.86278818272628,45.202494243025605,83121600.0,AAPL,58.34423856380834,1.1989284292198121,1.0729489143374202,47.01419041286444,40.52529933322931,1.1937637329101562
2019-03-29,45.44172286987305,45.47282392779045,45.10440780439011,45.413016447400935,94256000.0,AAPL,60.05508564236426,1.1721918073403614,0.9931485017382623,47.144298822434024,40.75355693623297,0.9162406921386719
2019-04-01,45.75033187866211,45.8555899786877,45.06613415152161,45.84602238790681,111448000.0,AAPL,61.825931088865936,1.1625043828386055,0.9851177893772471,47.2963246510951,40.96970508828479,0.7703208923339844
2019-04-02,46.41539001464844,46.52065176331116,45.704876861533926,45.71444445215832,91062800.0,AAPL,65.38710203340617,1.1947196778194566,1.0025467488070514,47.505726942421425,41.202639833091276,1.7918319702148438
2019-04-03,46.73357009887695,47.00868306890755,46.207261312169265,46.23118576624114,93087200.0,AAPL,66.97445122841273,1.2317264292919816,1.018951189970822,47.67505574575316,41.53162798532593,1.7200736999511719
2019-04-04,46.81489944458008,46.977574023468094,46.204862473032904,46.599590345608895,76457200.0,AAPL,67.38616496142117,1.253171365524075,1.0126274858909052,47.67321103163531,42.08824641160199,0.143524169921875
2019-04-05,47.128292083740234,47.152216534789176,46.87231432887972,46.996714903688506,74106400.0,AAPL,68.99039885447309,1.2806917811884944,0.9922930453518778,47.59993168851878,42.73783114412282,1.4234161376953125
2019-04-08,47.869911193847656,47.90100860298469,46.97040430689956,46.98954313963878,103526800.0,AAPL,72.44461213566301,1.346819081091546,1.006304950148164,47.870321628954514,42.97460940131893,2.7176589965820312
2019-04-09,47.72636413574219,48.52778574553339,47.66177104187914,47.92253440215642,143072800.0,AAPL,70.80066305428724,1.3718288062255013,0.9868248148400488,48.080827266540986,43.208832996520535,3.040599822998047
2019-04-10,47.99431228637695,48.02302236315101,47.41059061354983,47.53020559075672,86781200.0,AAPL,72.07452956168011,1.3971647247574381,0.890960985458227,48.29701501303837,43.4450298172839,2.9066543579101562
2019-04-11,47.59480285644531,48.08522503588826,47.472796883170325,48.04934199973671,83603200.0,AAPL,67.3561879197521,1.3692230001396766,0.8166287401440364,48.418988054275715,43.687166196822915,2.4473304748535156
2019-04-12,47.575653076171875,47.879476097016486,46.93930426252386,47.654599387904355,111042800.0,AAPL,67.12933657069954,1.3302000368402531,0.791851416384049,48.55002154956019,43.861149791382196,2.133930206298828
2019-04-15,47.66177749633789,47.810102533826864,47.36991669237575,47.50627950340221,70146400.0,AAPL,67.6569215468379,1.2913378394326926,0.681464014117037,48.69570414521167,43.98364384673169,1.9114456176757812
2019-04-16,47.666561126708984,48.17372738438398,47.50149189935205,47.71680101561021,102785600.0,AAPL,67.68794317165651,1.2465557482804996,0.6746289839574489,48.7730635599937,44.2105847401772,1.2511711120605469
2019-04-17,48.59477615356445,48.65458363520854,47.51345586333893,47.73593794288261,115627200.0,AAPL,73.08289115119753,1.2713099439841429,0.7214497917592863,49.02460541593866,44.31717085969611,1.8612060546875
2019-04-18,48.76941680908203,48.838791887081165,48.44884955837286,48.59238533537911,96783200.0,AAPL,73.96370332852499,1.2901478425512565,0.7229873778527123,49.3097142487553,44.24186618032185,1.9545173645019531
2019-04-22,48.9296875,49.027772627759255,48.40577347407819,48.52299743045083,77758000.0,AAPL,74.77935463209342,1.3029894667149406,0.711026186889496,49.59156447002883,44.28249711444383,1.8013954162597656
2019-04-23,49.63542556762695,49.70001867175577,48.77898196787563,48.90577354056907,93292000.0,AAPL,78.04149215864001,1.3544998788850577,0.7185448870397038,49.93558614352092,44.386792777987864,1.7655143737792969
2019-04-24,49.55887222290039,49.87465382624778,49.53255678509153,49.60671747790951,70162400.0,AAPL,76.8798722844925,1.3733143238391818,0.6857359787838442,50.119167858322214,44.6905218542022,1.8325080871582031
2019-04-25,49.109127044677734,49.702416337244976,49.07084937409673,49.4799342214171,74172800.0,AAPL,70.26300787140234,1.3365275719212093,0.6756542225490624,50.19018126449336,45.021655359652144,1.1148147583007812
2019-04-26,48.87467193603515,49.042132144995094,48.35314882772133,49.01820769356134,74596400.0,AAPL,67.02445678037822,1.2737719875704414,0.7055585887452988,50.15842771888595,45.42612886070389,1.2798690795898366
2019-04-29,48.948822021484375,49.274174778566774,48.76939962567477,48.898582144500175,88818800.0,AAPL,67.53412524562486,1.2160036933990312,0.6751422213743611,50.10950381312264,45.82576268162833,1.3731689453125
2019-04-30,48.00626373291016,48.65936033968653,47.63306567189509,48.57802304953885,186139600.0,AAPL,55.740486874004304,1.081696206929486,0.707266624655435,49.9510757037927,46.20978397638308,0.34448623657227273
2019-05-01,50.36267852783203,51.508588118959366,50.054069919017955,50.20957154101496,259309200.0,AAPL,69.89492088767287,1.1521186304365187,0.9136875272588654,50.23947978548851,46.316108746005625,2.696117401123047
2019-05-02,50.03493881225586,50.87224357416548,49.790926909900726,50.20000804937549,127985200.0,AAPL,66.69990440862546,1.1680188580905266,0.9471795637979241,50.413006953838135,46.4727184489939,1.4401626586914062
2019-05-03,50.65693283081055,50.67846264636448,50.29330234990099,50.45119496468051,83569600.0,AAPL,69.54518600833215,1.2167833016575358,0.9259904209133525,50.684393350411256,46.58553539104382,1.8875160217285156
2019-05-06,49.87464141845703,49.96076431619142,48.68327770842963,48.87226769632446,129772400.0,AAPL,62.331542331960215,1.1787175729635209,1.0355239409797672,50.763862642913224,46.78070103201354,0.9449539184570312
2019-05-07,48.53017807006836,49.62106583922841,48.04454166099368,49.252653396273296,155054800.0,AAPL,52.29250347839701,1.0282106799789261,1.1182285318677256,50.755351365909426,46.85523899663941,-1.1052474975585938
2019-05-08,48.53974151611328,49.12346301127,48.264628612418775,48.30051163451517,105358000.0,AAPL,52.35129105094664,0.8993375694335626,1.0980647195092696,50.73422491793534,46.9577031826506,-1.0191307067871094
2019-05-09,48.01823425292969,48.24789295306125,47.04696127241334,47.94167891931302,139634400.0,AAPL,48.818530246208276,0.746518027989552,1.1768388562943863,50.733178540154405,46.9611417570868,-1.0908927917480469
2019-05-10,47.35300827026367,47.7540639685717,46.293944343440415,47.41064587308777,164834800.0,AAPL,44.67696920695376,0.5652138299163028,1.2555739102806867,50.75763604833055,46.91250479029249,-1.5216636657714773
2019-05-13,44.600868225097656,45.50383515609177,43.91163565355445,45.07877029371953,229722400.0,AAPL,32.42214431452942,0.19718126280958614,1.4355979040541926,51.34030921465254,46.03235313886308,-4.347953796386719
2019-05-14,45.306922912597656,45.556678529738576,44.52643157045996,44.76658275265618,146118800.0,AAPL,37.18267469786174,-0.03708697011230555,1.4847514696343613,51.59654660058814,45.540630294553466,-2.699340820312507
2019-05-15,45.84965896606445,46.0489848683274,44.672919749406795,44.732957539326385,106178800.0,AAPL,40.6440614401976,-0.1769126301578936,1.5379299093323873,51.72101614409784,45.234470534979316,-4.513019561767578
2019-05-16,45.647926330566406,46.22188737337899,45.35013761604524,45.607101079000785,132125600.0,AAPL,39.76692951549044,-0.30053918225433307,1.5461993050736262,51.810399615282414,44.85040208149493,-4.387012481689453
2019-05-17,45.38857650756836,45.84486231886198,44.85063650384428,44.89146176785127,131516400.0,AAPL,38.6132152517101,-0.41466151883965807,1.5811600666540333,51.87235105741231,44.45036660921367,-5.2683563232421875
2019-05-20,43.969276428222656,44.271869244843735,43.29445223308519,44.07254333586166,154449200.0,AAPL,32.97508526645605,-0.6125686376638342,1.636757775575025,52.047086232872715,43.77959032657553,-5.905364990234375
2019-05-21,44.81221008300781,45.148420257456486,44.35592065835196,44.48080029361121,113459200.0,AAPL,38.69993272694022,-0.6934006627122926,1.4708163072310698,51.94339411389632,43.400960897090016,-3.717967987060547
2019-05-22,43.894832611083984,44.59847747756857,43.83959886543886,44.34631800439947,118994400.0,AAPL,35.17831623968132,-0.8220097038842056,1.463051632467084,51.878971047322686,42.898980002482,-4.644908905029297
2019-05-23,43.14556121826172,43.356891761625974,42.70128007629141,43.17918223637077,146118800.0,AAPL,32.57130573283959,-0.9731750785445072,1.502339396801652,51.881791457780274,42.299803009382806,-4.872673034667969
2019-05-24,42.9798583984375,43.741137224471366,42.89580401689263,43.27524333356481,94858800.0,AAPL,32.00639487444671,-1.0937376331669597,1.4217449743157817,51.843408956723735,41.74870415667958,-4.373149871826172
2019-05-28,42.80215072631836,43.36890774960242,42.72530424175307,42.96785565369627,111792800.0,AAPL,31.377860486654242,-1.1899073391722084,1.3369952422004958,51.72900614866823,41.24843983521849,-1.7987174987792969
2019-05-29,42.59801483154297,43.07111291987097,42.26660505114249,42.36746810073917,113924800.0,AAPL,30.63366149756932,-1.2679781222162703,1.333114775763157,51.68225780335472,40.75436329039528,-2.7089080810546875
2019-05-30,42.81895446777344,43.04229329759993,42.42750688692771,42.73490009226382,84873600.0,AAPL,32.49965731914409,-1.2970699827114274,1.2704009305468915,51.13947295171883,40.542775736025305,-3.0307044982910156
2019-05-31,42.04326248168945,42.744503381483696,42.02404995046576,42.32183502339383,108174400.0,AAPL,29.499293847830515,-1.3669598895936872,1.2040162596767776,50.6120377193413,40.27104333534619,-3.604663848876953
2019-06-03,41.618202209472656,42.727699541313214,40.89054439256211,42.17055068266843,161584400.0,AAPL,27.9751917715261,-1.4400469906088347,1.089429297679769,49.80884967236274,40.17035832019097,-3.770374298095703
2019-06-04,43.1407585144043,43.186387825636224,41.911185625871745,42.13212427525392,123872000.0,AAPL,39.944355232785625,-1.3594406894083946,1.1278534874572657,48.947502344755186,40.358317357393254,-0.8285179138183594
2019-06-05,43.83720016479492,44.42557355953624,43.50098993729986,44.255064588467334,119093600.0,AAPL,44.488582682367,-1.2252388039420339,1.1213356250437896,48.31529663441517,40.52122527720592,-0.9750099182128906
2019-06-06,44.48081588745117,44.540853701394454,43.74354977330736,43.96689234667338,90105200.0,AAPL,48.3761940095931,-1.0547894764394883,1.1160180658118857,47.5973502146394,40.83327913411548,0.5859832763671875
2019-06-07,45.66474914550781,46.089817794904704,44.61288938289408,44.79059892540007,122737600.0,AAPL,54.66565118024467,-0.8147813448311041,1.1599306438430166,47.06032054408152,41.13496029393117,2.5191879272460938
2019-06-10,46.248313903808594,46.9183340723606,46.01776716255535,46.06339647229206,104883600.0,AAPL,57.41938282671415,-0.570903353936373,1.0998921190122748,46.78236184116107,41.30244956020612,3.2684555053710938
2019-06-11,46.78386688232422,47.06964747113433,46.49328590664253,46.7958751783381,107731600.0,AAPL,59.830868788483656,-0.3306026578958168,1.074334243161697,47.147180977562115,41.15593028952773,3.9817161560058594
2019-06-12,46.63495635986328,47.06242514996316,46.44283469068652,46.57731875978544,73012800.0,AAPL,58.833162720757926,-0.15044423221539205,1.0491184747122462,47.375892513545956,41.060022098270444,4.0369415283203125
2019-06-13,46.625343322753906,47.259342198797384,46.493263124573915,46.75742718534955,86698400.0,AAPL,58.76503619730693,-0.008346856284006776,1.0185846561001672,47.51646731135663,40.99701573612872,3.8063888549804688
2019-06-14,46.28673553466797,46.49086182041793,45.700766122555855,46.00095507020215,75046000.0,AAPL,56.29237501439202,0.07606667004038314,1.0242449412872614,47.61758838434133,40.959775583554176,4.243473052978516
2019-06-17,46.56291580200195,46.81987934371097,46.14985544679512,46.32516479593238,58676400.0,AAPL,57.850209832691164,0.16336724139193848,1.0261321119348688,47.79722281951848,40.89757507782039,4.944713592529297
2019-06-18,47.65800476074219,48.09988208792506,46.87991722035853,47.081643348278995,106204000.0,AAPL,63.41789120024025,0.317260913758993,1.0784505703059135,48.27821328990006,40.785457440690756,4.517246246337891
2019-06-19,47.51871490478515,48.001421143050344,47.38423082437452,47.95338797340395,84496800.0,AAPL,62.29080362451167,0.4231059287991883,1.0786222780204564,48.64458325414605,40.68973795862251,3.6815147399902273
2019-06-20,47.90056610107422,48.17673855068916,47.55714793558098,48.11910093611504,86056000.0,AAPL,64.17073960010836,0.5316722789899302,1.0688450729201944,49.077725616126926,40.65716894564065,3.419750213623047
2019-06-21,47.737247467041016,48.23436212898712,47.585951063072045,47.74205151629512,191202400.0,AAPL,62.73028586170773,0.5976441748120536,0.9839347812890499,49.41144537313936,40.78261781350615,2.072498321533203
2019-06-24,47.68921661376953,48.06865587692064,47.59075376114348,47.67960851553412,72881600.0,AAPL,62.28746084885838,0.6386892766930572,0.906057388404306,49.67434940948226,40.99064959869645,1.4409027099609375
2019-06-25,46.966365814208984,47.852520548463474,46.89912011572079,47.65319463874383,84281200.0,AAPL,55.89271709003016,0.6059052981255633,0.8823849160907875,49.769563721908895,41.31185679505887,0.18249893188476562
2019-06-26,47.98220443725586,48.267984915495376,47.39383480439476,47.494697855935286,104270000.0,AAPL,61.824296005925696,0.6543505008228578,0.9184074284621657,49.93422944778824,41.68561002975082,1.3472480773925781
2019-06-27,47.96779251098633,48.40726955971286,47.926967254798505,48.09987271330515,83598800.0,AAPL,61.697527969020975,0.6836994888653578,0.8377860282807958,50.04578198930072,42.088941292559625,1.3424491882324219
2019-06-28,47.53073501586914,47.91017443104306,47.32180460073827,47.71324864689242,124442400.0,AAPL,57.825226575167235,0.6640372777341454,0.7943862413804581,49.88469433643349,42.79877619884483,1.2439994812011719
2019-07-01,48.40247344970703,49.10851854004472,48.18633517839463,48.79151720788642,109012000.0,AAPL,62.83550570307814,0.7106054229633187,0.8484183811554468,49.55582056373645,43.806077095565314,1.8395576477050781
2019-07-02,48.68585205078125,48.7819147300247,48.35684607736168,48.368854370319184,67740800.0,AAPL,64.3194127542327,0.7615980699041955,0.834523966397331,49.43791070085398,44.478496312085475,1.0278472900390625
2019-07-03,49.08930969238281,49.09651393552608,48.67624931822451,48.81793765259761,45448000.0,AAPL,66.37776915088796,0.8250550488043871,0.8098229337600529,49.40347856506348,45.03813940063476,1.5705947875976634
2019-07-05,49.04606628417969,49.25019621889604,48.72666482832786,48.83473577283392,69062000.0,AAPL,65.93869729934158,0.8619201017179208,0.7811768045007764,49.36362228926319,45.534520716107906,1.1455001831054688
2019-07-08,48.0350456237793,48.36645179883374,47.64840203253527,48.22476346565165,101354400.0,AAPL,56.52466397452829,0.8003293058579146,0.8331511155528167,49.30205372671766,45.83311892648058,0.29779815673828125
2019-07-09,48.32802963256836,48.39286781929582,47.744460301105185,47.8381191241281,82312000.0,AAPL,58.37911451085607,0.7663257906475422,0.7696826321433546,49.32026058319735,46.02288364287686,0.6388130187988281
2019-07-10,48.8059196472168,48.92599522826598,48.404867646242415,48.474513535323865,71588400.0,AAPL,61.28028456435409,0.7690740828547078,0.7683094376449117,49.44004670313961,46.105302799423875,1.8395538330078125
2019-07-11,48.45050430297851,49.08450332051518,48.44089986738066,48.82513958637521,80767200.0,AAPL,58.04000690523619,0.7341107050395479,0.7672794238756627,49.46646594612874,46.26043835074626,0.46829986572264914
2019-07-12,48.82273864746094,48.990843750978065,48.55857086735086,48.61860866606529,70380800.0,AAPL,60.40159472532554,0.7280457190742524,0.7595600225959827,49.51923283206045,46.42741099728525,0.8549461364746094
2019-07-15,49.28141784667969,49.439914816680485,48.99083335024954,49.01244607373842,67789600.0,AAPL,63.15355153571489,0.7515869258018029,0.7695081692704393,49.55721655303581,46.68889550751107,1.7506828308105469
2019-07-16,49.11091995239258,49.49756352744528,48.87076875458136,49.13253268073563,67467200.0,AAPL,61.444169048290085,0.7478648263910657,0.7461791935648131,49.54718079672241,46.95373167886353,0.7084465026855469
2019-07-17,48.83474349975586,49.25260420414418,48.81553096579077,49.00284859143025,56430000.0,AAPL,58.673797734468685,0.7143948055439324,0.6844259176410284,49.59960169860499,47.01898465088231,0.14889144897460938
2019-07-18,49.389495849609375,49.442329405883534,48.91879789309862,48.99084398478306,74162400.0,AAPL,62.346300607888956,0.7242843520987989,0.69351760344198,49.7227276853686,47.08293675860113,0.3001861572265625
2019-07-19,48.6522216796875,49.59121357650386,48.59698793999707,49.42070464387364,83717200.0,AAPL,55.31128669737941,0.6649647257067244,0.718391726746175,49.74278237593487,47.138047625896185,-0.3938446044921875
2019-07-22,49.764137268066406,49.766537461132614,48.89719119696779,48.90679563364953,89111600.0,AAPL,62.23273918599877,0.6996111083675842,0.6852868879797133,49.92657531754152,47.156943664392074,1.7290916442871094
2019-07-23,50.153167724609375,50.16998006484622,49.78093269113096,50.06191277497595,73420800.0,AAPL,64.31521036668849,0.7498167026167835,0.6839136125594842,50.16410768557692,47.165806407440655,1.8251380920410156
2019-07-24,50.11234664916992,50.22761819035757,49.75211987659433,49.872195467452855,59966400.0,AAPL,63.91695183280572,0.7773502681317623,0.6878588765924601,50.22827808031261,47.41623409620106,1.306427001953125
2019-07-25,49.716102600097656,50.24923855886017,49.646456699814195,50.165184172839865,55638400.0,AAPL,60.03106256462802,0.7584542455393688,0.6935196243408741,50.31069573017005,47.507206262627804,1.2655982971191477
2019-07-26,49.88901901245117,50.366917626161346,49.74492680529629,49.8265773459561,70475600.0,AAPL,61.14131220967354,0.7488002180488635,0.640173251085108,50.39848718114301,47.61153746180132,1.0662803649902344
2019-07-29,50.354888916015625,50.585435621109035,50.05710384977211,50.061907898574106,86693600.0,AAPL,64.03956398722748,0.769866596589381,0.643602471832767,50.481829387408176,47.8106106455508,1.0734710693359375
2019-07-30,50.138763427734375,50.470173231130325,49.78574089744291,50.133959378063295,135742800.0,AAPL,61.739003729288484,0.760357405821317,0.6497786674034661,50.590628919106905,47.87544011165481,1.0278434753417969
2019-07-31,51.161808013916016,53.162267870594626,50.74394728765502,51.973520210453195,277125600.0,AAPL,67.6611954830797,0.8258525378115777,0.819771595241018,50.93755751995072,47.77610710712447,2.3270645141601562
2019-08-01,50.054718017578125,52.36017124103035,49.64886552584576,51.36834551016267,216071600.0,AAPL,57.321317715807176,0.7794400912264337,0.9748406143256635,51.0102040243716,47.80000143522312,0.66522216796875
2019-08-02,48.995643615722656,49.574405160935726,48.42168245561687,49.35827056979247,163448400.0,AAPL,49.52439631495571,0.6497099874436003,1.0474019995214998,51.01021377231401,47.79494942043501,0.34342193603515625
2019-08-05,46.43083190917969,47.706034188848406,46.248318317231906,47.54753718255376,209572000.0,AAPL,36.55615242204349,0.3360651262662344,1.1988684656377022,51.328086546006624,47.316655275282436,-3.3333053588867188
2019-08-06,47.309783935546875,47.56674746508109,46.59893480823304,47.1440790298721,143299200.0,AAPL,42.147053755967036,0.15661800207660548,1.248785774033988,51.42936710574476,47.113550145842154,-2.8433837890625
2019-08-07,47.799686431884766,47.92456606414611,46.54610071758241,46.927940191771704,133457600.0,AAPL,45.0534950294944,0.053321246341582196,1.3038485912079898,51.469770608305176,46.97252332174853,-2.3126602172851562
2019-08-08,48.85395431518555,48.877970899702554,47.88374513000925,48.078267005581544,108038000.0,AAPL,50.78371043313777,0.05588423186843272,1.3098527934444897,51.46796509514527,47.01467383612914,-0.8621482849121094
2019-08-09,48.45138168334961,48.87806167207008,48.04157055812912,48.526110822221355,98478800.0,AAPL,48.69539212609388,0.02514135551801644,1.29000817433705,51.47019051565782,46.97531271920546,-1.4376373291015625
2019-08-12,48.32844543457031,48.70691717697548,48.00783029944551,48.121130523073816,89927600.0,AAPL,48.04564157328184,-0.009038335035420175,1.3109541801049183,51.45744236027823,46.89276363337411,-2.0264434814453125
2019-08-13,50.37506866455078,51.139239954660816,48.328437056271014,48.45861348049926,188874000.0,AAPL,58.0750248734603,0.12754909766372435,1.477761650435387,51.582350631008275,46.89427023385989,0.23630523681640625
2019-08-14,48.87565612792969,49.765181604809555,48.837085060267704,48.97449310943622,146189600.0,AAPL,50.39891240026758,0.11349723605750484,1.5445617750951801,51.58298433737581,46.89772779030974,-2.286151885986328
2019-08-15,48.632171630859375,49.451786393501514,48.13316821692344,49.04680131407982,108909600.0,AAPL,49.26027968331047,0.08177126225719888,1.592262000131922,51.55940701702598,46.845572688784564,-1.42254638671875
2019-08-16,49.779640197753906,49.938743078281775,49.13841005138823,49.24447863840681,110481600.0,AAPL,54.479694655501,0.1475188178951896,1.6358444886151031,51.614292655416186,46.90342890220101,0.78399658203125
2019-08-19,50.707740783691406,51.2814697754722,50.630598649274816,50.77282532147355,97654400.0,AAPL,58.222957967979134,0.2713858234083375,1.6942300060458808,51.74056074312174,46.87152116605795,4.276908874511719
2019-08-20,50.710147857666016,51.43092947115553,50.700506930459206,50.83550198139012,107537200.0,AAPL,58.23255114005295,0.3655319239603969,1.5304384416056003,51.82137833480683,46.84640158767852,3.4003639221191406
2019-08-21,51.259769439697266,51.50324237848759,51.00906488637231,51.34414318038667,86141600.0,AAPL,60.46492115578415,0.4789719645668029,1.3934233562939562,52.00411517401913,46.77840702751896,3.4600830078125
2019-08-22,51.21638107299805,51.69368603628519,50.80416064220066,51.392356495109624,89014800.0,AAPL,60.19142134053658,0.5589299390423434,1.3403154871599046,52.20166798481121,46.73088206401691,2.3624267578125
2019-08-23,48.84913635253906,51.117546110498,48.45379212610639,50.48595686609099,187272000.0,AAPL,47.55315690317499,0.4263654691043257,1.3414057477599692,52.15536632531375,46.673195457523164,0.3977546691894531
2019-08-26,49.7772331237793,49.945976938742,49.43251020046901,49.625361851143225,104174400.0,AAPL,51.8240429038556,0.391681761085394,1.3386146784957929,52.09676466332659,46.6740315402867,1.4487876892089844
2019-08-27,49.215553283691406,50.27382250881443,49.0636820144767,50.10748800983436,103493200.0,AAPL,49.21217365037038,0.3152379369486127,1.3265914747653669,52.02794059228855,46.65053459692043,-1.159515380859375
2019-08-28,49.545806884765625,49.59160956235751,49.01305832980717,49.20108766430298,63755200.0,AAPL,50.78282654884878,0.2780986134291439,1.2908962436748348,51.810162364598156,46.706712711695786,0.6701507568359375
2019-08-29,50.38470458984375,50.45943739991704,49.81820730448779,50.26176347102308,83962000.0,AAPL,54.62179085656444,0.3127522525192319,1.2964062009041533,51.85247724329125,46.697396490229266,1.752532958984375
2019-08-30,50.31962585449219,50.73184262161653,49.94838578668579,50.66193578404583,84573600.0,AAPL,54.26815423056507,0.331146945253856,1.3024326264327795,51.956208374905415,46.726063582492046,0.5399856567382812
2019-09-03,49.58678436279297,49.89534549257073,49.230011246175955,49.76275977000869,80092000.0,AAPL,50.31752558880116,0.28332469725792464,1.1794906057132388,51.72678783618099,47.271079366577794,-1.1209564208984375
2019-09-04,50.42810821533203,50.49801505908247,49.97732034291405,50.23525654940244,76752400.0,AAPL,54.41989108850528,0.3097425060419141,1.1347225408565547,51.66328627049546,47.64641336024184,-0.2820396423339844
2019-09-05,51.41405487060547,51.580389377293194,50.98737118105949,51.10549369351554,95654800.0,AAPL,58.7214911849949,0.40556140558346954,1.122841325526775,51.79089128285857,47.8802451917508,0.15428543090820312
2019-09-06,51.409236907958984,51.68887164778624,51.22843915557166,51.59967926701052,77449200.0,AAPL,58.69234170538713,0.47562707167318763,1.062402828726217,51.981513556749064,47.94515117713766,0.1928558349609375
2019-09-09,51.62859725952149,52.17581273023288,50.88130221260114,51.79010945042045,109237600.0,AAPL,59.67386302973474,0.5426004042422221,1.0475943244343198,52.13945497400315,48.10493131750075,2.779460906982429
2019-09-10,52.23848342895508,52.25776895911056,51.0355783720099,51.55386366096022,127111600.0,AAPL,62.3523087322566,0.6375407962184525,1.0827206134632006,52.360712625486826,48.274677465455554,2.4612503051757812
2019-09-11,53.899417877197266,53.92834801499549,52.48678481296726,52.56874924533317,177158400.0,AAPL,68.49033098101586,0.837155067327771,1.146775618121689,53.09069264983655,47.89713236237048,4.683864593505859
2019-09-12,53.77887725830078,54.581619481986,53.72343366063035,54.19109762983482,128906800.0,AAPL,67.62857177132918,0.9743920102242143,1.1445370772124832,53.6045001273846,47.87364699785954,4.233070373535156
2019-09-13,52.732666015625,53.22443417394161,52.31562698975631,53.03399553571428,159053200.0,AAPL,60.512029454161755,0.9873512024199442,1.0517271716162557,53.76116476835609,48.12703179536461,2.34796142578125
2019-09-16,53.00989532470703,53.06534261277984,52.445807264794794,52.48678764401857,84632400.0,AAPL,61.66325006324387,1.0083677086833092,1.0176339403149777,54.01060417825557,48.20061789816045,2.6902694702148438
2019-09-17,53.20273971557617,53.23166985098413,52.821858758031574,53.02435499253173,73274800.0,AAPL,62.48261772998143,1.028725860626416,0.9604675545017507,54.27437413918256,48.18634783042193,3.615955352783203
2019-09-18,53.70174789428711,53.72103342680937,52.8990055349518,53.28952745309468,101360000.0,AAPL,64.59151860457094,1.0727595282781408,0.9778587444522674,54.60494933159077,48.154932641675835,3.273639678955078
2019-09-19,53.26541519165039,53.94039033553317,53.123184870732054,53.518529031437104,88242400.0,AAPL,61.344434131736186,1.0602264935695374,0.9709712408558175,54.812447612794294,48.14799893566762,1.8513603210449219
2019-09-20,52.486785888671875,53.65112372417019,52.424110665779736,53.36667039142208,221652400.0,AAPL,55.940136299753476,0.9762119323087433,1.0026538282457973,54.90311452825336,48.18437250177593,1.0775489807128906
2019-09-23,52.72542953491211,52.995419582923894,52.46748972392058,52.78087313155627,76662000.0,AAPL,57.18511719034713,0.9183007357810311,0.9625334890091602,54.88280408601754,48.59231226224905,1.096832275390618
2019-09-24,52.47472381591797,53.63424284676949,52.35660500350317,53.282288364697834,124763200.0,AAPL,55.41364119076278,0.8424644334446114,0.988705428078933,54.89259068119416,48.85227473628631,0.23624038696289062
2019-09-25,53.28229141235352,53.39559160754861,52.34455408159378,52.68445466717906,87613600.0,AAPL,59.74002536427903,0.8378691394956164,0.9814737397927666,54.88283617477991,49.268703055566775,-0.6171264648437429
2019-09-26,53.007476806640625,53.260594331618776,52.751949969775765,53.033993950749554,75334000.0,AAPL,57.68858648653784,0.8027979390571076,0.9864672362472788,54.815703182699984,49.68200303983419,-0.7714004516601562
2019-09-27,52.749549865722656,53.26542593161466,52.37830978339494,53.16417596127844,101408000.0,AAPL,55.75347194455701,0.7455964398476453,0.9573676384321347,54.785987661552475,49.94820308856959,0.01688385009765625
2019-09-30,53.99101638793945,54.138065335435286,53.22443220446224,53.250949348382434,103909600.0,AAPL,62.3073253550036,0.7913179913578361,0.9692479871901328,54.87053205268398,50.23079775078282,0.9811210632324219
2019-10-01,54.14047622680664,55.015538323363366,54.04646156440839,54.25618941001897,139223200.0,AAPL,63.01753659580126,0.8300445730904613,0.921723512146097,54.73952952700316,50.81716946286501,0.9377365112304688
2019-10-02,52.78329086303711,53.89700358946659,52.53499195502535,53.77164947948432,138449200.0,AAPL,53.2126073045294,0.7426612155365149,0.9751019728907855,54.51628567358744,51.27593158105123,-0.91845703125
2019-10-03,53.23167037963867,53.26541913933405,51.86001779212852,52.65552479613937,114426000.0,AAPL,55.66677186237781,0.7015032619050672,0.9709699070808614,54.453783754650594,51.520195050891395,-0.03374481201171875
2019-10-04,54.723846435546875,54.83955961178945,53.97172918166322,54.39359048107541,138478800.0,AAPL,62.68214117918683,0.7802966501362931,1.0415666130926995,54.61793727184082,51.687502486459955,2.237060546875
2019-10-07,54.73591232299805,55.42776382828695,54.441814372815855,54.545473656079785,122306000.0,AAPL,62.7334939340832,0.8340996131325156,1.0827193532725947,54.75164648890944,51.86452477573901,2.0104827880859375
2019-10-08,54.09468078613281,54.976974614844835,54.077808243619614,54.43699440099302,111820000.0,AAPL,58.153516894356756,0.8155951497114557,1.0882292446559982,54.79265942282626,52.00913157753995,1.6199569702148438
2019-10-09,54.72867965698242,54.91188670507885,54.39360133372778,54.72867965698242,74770400.0,AAPL,61.171860642835995,0.8423782276150149,1.088229277094921,54.9418942948216,51.94282288352313,1.4463882446288991
2019-10-10,55.466339111328125,55.55071286741322,54.793773088511045,54.945640699788626,113013600.0,AAPL,64.39019690193622,0.9126069975144446,1.0593021450978024,55.27522040030267,51.778242963344795,2.4588623046875
2019-10-11,56.94163131713867,57.28635047981656,56.00148112391653,56.15576167195741,166795600.0,AAPL,69.78435347361162,1.0749165858192313,1.1515936814895968,56.016006541773486,51.45835335202535,4.192081451416016
2019-10-14,56.859676361083984,57.40448251068551,56.570400745177686,56.62584434929446,96427600.0,AAPL,69.1576300377984,1.1832947387280868,1.1199111045068473,56.57131883481717,51.28801916261936,2.8686599731445312
2019-10-15,56.72709274291992,57.288767739778834,56.6210241617373,56.98502890321499,87360000.0,AAPL,68.09222503974637,1.2441450856979657,1.0925329653701827,57.00136737655826,51.21040592361265,2.5866165161132812
2019-10-16,56.49808120727539,56.707809064497546,56.21603720446529,56.2570175797448,73903200.0,AAPL,66.19528391158315,1.2593728408998999,1.0911554007899598,57.32334368640774,51.16806294506199,3.7147903442382812
2019-10-17,56.71744537353515,56.927169535343786,56.29317474782495,56.671642699499074,67585200.0,AAPL,67.13961013275826,1.2744507268606,1.0730753035970397,57.647908094204936,51.188701555453264,3.4857749938964773
2019-10-18,56.98986053466797,57.271904574434195,56.4788030760689,56.55112290947193,97433600.0,AAPL,68.32302948874701,1.2934713543348764,1.0305457342150872,57.933390611238536,51.35352650301928,2.2660140991210938
2019-10-21,57.97820663452149,58.093919813964355,57.2092168201294,57.2574288057279,87247200.0,AAPL,72.2305060685682,1.3724755649730085,1.036226973063121,58.384587024444166,51.427607799774584,3.2422943115234446
2019-10-22,57.84563827514648,58.38561852690578,57.76367383407052,58.13491393549462,82293600.0,AAPL,70.9660066810332,1.4081574498821041,0.9659741459955475,58.691862857480636,51.65742341266097,3.7509574890136648
2019-10-23,58.62184524536133,58.63631215135406,58.149362643081595,58.36149979091092,75828800.0,AAPL,73.85237981545927,1.481985608618544,0.9220650409242656,59.15895234910057,51.72428930434181,3.8931655883789062
2019-10-24,58.718284606933594,59.012382555695986,58.29160091432924,58.94247203697049,69275200.0,AAPL,74.19562193022131,1.5306326266871153,0.8587002130111208,59.533497539404756,51.92082489406692,3.2519454956054688
2019-10-25,59.441463470458984,59.47762153945266,58.54952887800799,58.617026392355285,73477200.0,AAPL,76.66893476053492,1.6089927624159515,0.8545675848663764,59.94179266581742,52.18172112812789,2.4998321533203125
2019-10-28,60.03690719604492,60.085119193932805,59.475228408718934,59.64397224049635,96572800.0,AAPL,78.49650620744762,1.6995497156700026,0.836316824312705,60.498526069744244,52.22957680501162,3.1772308349609375
2019-10-29,58.64836502075195,60.20563758537324,58.47480260277576,60.0176082607551,142839600.0,AAPL,65.59318394195452,1.64036391046767,0.9015760431449509,60.704979507964886,52.4739122461855,1.9212722778320312
2019-10-30,58.641143798828125,59.1329157183175,58.14696624531369,59.00273928384229,124522000.0,AAPL,65.53285209976455,1.574723607657468,0.9132843476144517,60.6787525489969,53.085924498732595,2.1430625915527344
2019-10-31,59.96699142456055,60.06582840250185,57.19475948771069,59.60057733000732,139162000.0,AAPL,70.83671120969834,1.6111160743727737,0.9883598866360747,60.84300435188721,53.595204800334464,3.2495460510253977
2019-11-01,61.66889953613281,61.69541300420319,60.06341487899115,60.15501655703729,151125200.0,AAPL,75.95221963619419,1.7570331432424098,1.0522413019314187,61.501161697567554,53.63155276471272,4.679039001464844
2019-11-04,62.07389068603515,62.15826443597331,61.56283691842651,62.03290662806101,103272000.0,AAPL,76.98670697862148,1.8836394496909676,1.0470758690389377,62.11735895933969,53.749153339244295,4.095684051513658
2019-11-05,61.98468780517578,62.240214645668885,61.789426867755154,61.96539859645312,79897600.0,AAPL,76.20907359282644,1.9542505488662698,1.0427710290003016,62.47564701419284,54.17986598629545,4.139049530029304
2019-11-06,62.01120376586914,62.07146967136596,61.560415969821406,61.89790356926801,75864400.0,AAPL,76.28575351321246,1.989417206920841,1.0339895228592815,62.78774458182162,54.596020829555336,3.3893585205078125
2019-11-07,62.72689437866211,62.94934200128749,62.40773328571628,62.56006050638428,94940400.0,AAPL,78.31712693040376,2.051390139386733,1.0443492897916424,63.23324572045373,54.876575217656615,4.008609771728516
2019-11-08,62.8985595703125,62.97109281780966,62.10307718852949,62.547964990294155,69986400.0,AAPL,78.78651713042233,2.0902608551610484,1.0274890290761987,63.740808743570426,54.964705019857306,3.4570960998535156
2019-11-11,63.39664459228515,63.46192451885535,62.44883495649142,62.45366804701967,81821200.0,AAPL,80.13054730203096,2.1366277612366176,1.0554279483282463,64.25556594770332,55.10364463884453,3.3597373962402273
2019-11-12,63.3386116027832,63.53929923368924,63.087158073626064,63.23947790467222,87388800.0,AAPL,79.49855408841016,2.1439766627174777,1.0312470400322173,64.64296176563259,55.37740070690159,4.69024658203125
2019-11-13,63.94551086425781,64.02046436431246,63.12343521997853,63.13794187297198,102734400.0,AAPL,81.17105598520854,2.173715182881743,1.0438361473870157,65.02393127001515,55.74117416821728,5.3043670654296875
2019-11-14,63.50305938720703,64.0446609138087,63.37249209819863,63.77143991480316,89182800.0,AAPL,76.28503634531916,2.136947635748477,1.0255558726845442,65.22513507839322,56.21853176120639,3.5360679626464844
2019-11-15,64.25741577148438,64.26224886267634,63.59250048371245,63.75449389444292,100206400.0,AAPL,78.64521471496172,2.143965051005239,1.0338082835413651,65.49239552394629,56.67802683933496,2.5885162353515625
2019-11-18,64.5814208984375,64.66120749981279,63.88749218857549,64.26709282741318,86703200.0,AAPL,79.585006416379,2.1508769386014706,0.9654425927299235,65.83185856414372,56.99888522552914,2.507530212402351
2019-11-19,64.38555908203125,64.79901340749508,64.16795193066947,64.77483319539606,76167200.0,AAPL,77.36842974550062,2.1161565126048316,0.9400934501457664,66.01198937727398,57.472746493087364,2.4008712768554688
2019-11-20,63.63601303100586,64.33477463328865,62.96142426063342,64.20421477742119,106234400.0,AAPL,69.4021154472301,2.0050453085358697,0.8367410149033857,66.07595599556592,57.91019665335986,1.6248092651367188
2019-11-21,63.3507080078125,63.834282723637145,63.1500203686371,63.7569089982017,121395200.0,AAPL,66.59145774913262,1.8723834766198522,0.7621582131432001,66.0423294722356,58.407065516778076,0.6238136291503906
2019-11-22,63.29508972167969,63.6335905227378,63.06780903123409,63.49093687724774,65325200.0,AAPL,66.03006110085835,1.7426716541266813,0.760040639854408,66.02686389152059,58.80789372261515,0.3965301513671875
2019-11-25,64.4049072265625,64.42183411511654,63.47402428004469,63.51996447539667,84020400.0,AAPL,71.24026607325506,1.709718526874802,0.8083232552489166,66.16653003758304,59.10502757960445,1.0082626342773509
2019-11-26,63.901973724365234,64.59590216145331,63.469172349717184,64.54270865519062,105207600.0,AAPL,66.27913655995874,1.6242965264095872,0.8523001202626003,65.92599013886702,59.87092834868181,0.5633621215820312
2019-11-27,64.76032257080078,64.79417634141542,64.14860087392508,64.2138808016992,65235600.0,AAPL,70.10548478693676,1.6073322285936982,0.8490190046648743,65.5889213782123,60.81991498653379,0.8148117065429688
2019-11-29,64.61767578125,64.79901631197382,64.29126135019413,64.46051546370906,46617600.0,AAPL,68.7101149286215,1.5643447046017727,0.8232860998434107,65.35323912534203,61.520665675073005,1.1146163940429688
2019-12-02,63.87054061889648,64.8594498920979,63.69887368430391,64.62249565738605,94487200.0,AAPL,61.77473741077311,1.4532372047097937,0.833820860231272,65.27983638379011,61.8142325249013,-0.38687515258789773
2019-12-03,62.73174285888672,62.75108260391447,61.967693801889936,62.456101685572456,114430400.0,AAPL,52.99439450153625,1.2587817956801501,0.9374426928700836,65.21733652862262,61.94251759735395,-1.8496780395507812
2019-12-04,63.28541946411133,63.66502737953128,63.029125460025554,63.12342606957862,67181600.0,AAPL,56.25028681227373,1.1362535343707947,0.9400323626065575,65.1098238077475,62.180103484122604,-1.1001396179199219
2019-12-05,64.21389770507812,64.28885859134802,63.524809483110154,63.78110354981932,74424400.0,AAPL,61.11445727157194,1.1013734909221142,0.9636945277227446,65.02038751170517,62.48980917408584,0.5778846740722656
2019-12-06,65.45426940917969,65.52438982597056,64.62977343403563,64.67330077683782,106075600.0,AAPL,66.47668588087966,1.1604415872263019,1.0030732881101103,65.27273991902432,62.51019426981845,2.1035614013671875
2019-12-09,64.53790283203125,65.47603184438447,64.05190774578995,65.2826048555783,128042400.0,AAPL,59.904379396116965,1.1203951370114495,1.0495310586356261,65.30010289268075,62.64676562233389,1.2428131103515625
2019-12-10,64.91507720947266,65.29951825094075,64.28158808770608,64.9440905139208,90420400.0,AAPL,61.58773544420486,1.1063396618297716,1.0771645362362732,65.41038948718695,62.68832228954646,0.5101699829101562
2019-12-11,65.46875762939453,65.54855158642515,64.91990300522136,64.99485649287783,78756800.0,AAPL,63.97852940293471,1.1268879166318584,1.0206887902044635,65.61272549432158,62.69900088507296,1.5667839050292969
2019-12-12,65.63558197021484,65.90154949046722,64.63458633060003,64.74580642860984,137310400.0,AAPL,64.69160431745051,1.1434528737458578,1.0623102762664023,65.83536745319206,62.645366036798166,0.8752593994140625
2019-12-13,66.52778625488281,66.5640528807458,65.50744336760692,65.63559036483228,133587600.0,AAPL,68.3052877381582,1.2145733058885142,1.0973694206689149,66.24492708505545,62.53827909170236,1.9101104736328125
2019-12-16,67.66661071777344,67.89147858269702,66.97026928116301,66.9751023722713,128186000.0,AAPL,72.21432836253183,1.3472995468475233,1.11429427312444,66.92145102363345,62.202674647753255,3.7960700988769602
2019-12-17,67.79959106445312,68.12841831556894,67.41030959763874,67.59649057780555,114158400.0,AAPL,72.63868951611433,1.4465416203044157,1.085107052138302,67.49141260362632,61.954530084361984,5.067848205566406
2019-12-18,67.6375961303711,68.15985773199434,67.48768914244279,67.65210278218578,116028400.0,AAPL,71.2118805397489,1.494887903965747,1.069390335888399,67.93801558867108,61.83313080415118,4.352176666259766
2019-12-19,67.70531463623047,67.98578894522153,67.44660768962197,67.57958782686217,98369200.0,AAPL,71.4642159845739,1.5211323328975652,1.0716350711612475,68.32759715219464,61.85047940115009,3.4914169311523438
2019-12-20,67.56507110595703,68.34120658769552,67.35229701505612,68.23966001261653,275978000.0,AAPL,70.09394761163625,1.5131718479317584,1.0593731686502055,68.60971447505595,61.98979838810323,2.1108016967773438
2019-12-23,68.66763305664062,68.7280799167257,67.78994346760267,67.82863034350916,98572000.0,AAPL,74.27079176445922,1.5776445369967718,1.006527596776072,69.06035480864564,62.07641238800965,4.129730224609375
2019-12-24,68.73290252685547,68.88281691516765,68.40649543518947,68.83445648296811,48478800.0,AAPL,74.49786061757517,1.6153851538369537,0.9738873795856163,69.50230303873464,62.06726368794994,3.8178253173828125
2019-12-26,70.09658813476562,70.11351502418024,68.83687780880562,68.86589111707863,93121200.0,AAPL,78.72291356029523,1.735329102660856,1.0008283345919082,70.16682883790529,62.02219932981933,4.627830505371094
2019-12-27,70.06997680664062,71.07823338522084,69.66377579633756,70.38913790563515,146266000.0,AAPL,78.44977424605919,1.8074036107190636,1.0082544394483972,70.74627722150483,61.97371636980376,4.434394836425781
2019-12-30,70.48584747314453,70.76874192675591,68.96259007950816,69.98776610931984,144114400.0,AAPL,79.63872650115422,1.876449918226868,1.0355421357807708,71.3247650430832,61.982045717414856,3.9580612182617188
2019-12-31,71.00086975097656,71.00812307795023,70.00228659126148,70.10142031241222,100805600.0,AAPL,81.03424362127126,1.950246381677104,1.0346783017417767,71.87151429246197,62.148329381244075,3.334259033203125
2020-01-02,72.620849609375,72.68129646149221,71.37322569622376,71.6270995236096,135480400.0,AAPL,84.60779047550197,2.1150682561992227,1.109460611282002,72.5422674848333,62.466486863921574,4.821258544921875
2020-01-03,71.91481018066406,72.67643886208242,71.6899497146884,71.84711001739942,146322800.0,AAPL,77.7333010620294,2.1637766278940376,1.0894267532482047,72.93027740092369,62.941416019486475,4.277214050292969
2020-01-06,72.48785400390625,72.52654087038833,70.78325591626742,71.03471685901826,118387200.0,AAPL,79.20979741726767,2.2229929320401425,1.1384749990326353,73.41606110080505,63.283027949487916,4.782539367675781
2020-01-07,72.14693450927734,72.75381577050801,71.9269071243437,72.49752175701711,108872000.0,AAPL,75.98178841489941,2.216858362417369,1.1001333074862143,73.82899669449509,63.53935886580765,4.5818634033203125
2020-01-08,73.30751037597656,73.60974457641883,71.8495328881936,71.8495328881936,132079200.0,AAPL,79.10376887601727,2.2793702831343126,1.1745692339358607,74.27439420432334,63.970922110373934,4.6398773193359375
2020-01-09,74.86463928222656,75.05806626477451,74.03531021087177,74.28676381243083,170108400.0,AAPL,82.40780802643148,2.4265865407970466,1.2515968981677463,74.97852851687045,64.2617440051022,6.131736755371094
2020-01-10,75.03387451171875,75.59966347515947,74.53096000715122,75.09916182683553,140644800.0,AAPL,82.72746500774834,2.527773751964702,1.2894199133397959,75.60214757327049,64.59463663693458,4.937286376953125
2020-01-13,76.63693237304688,76.66353282405201,75.23214816687168,75.35062901064134,121532000.0,AAPL,85.42840238627753,2.706124202621197,1.335187680460786,76.46437497981488,64.83254427067341,6.56695556640625
2020-01-14,75.60208129882812,76.78442520845898,75.47877474428456,76.5740713542954,161954400.0,AAPL,77.05203204282074,2.732466216985671,1.345376369989768,76.9800439581536,65.2243047967292,5.116233825683594
2020-01-15,75.278076171875,76.28391248020361,74.84527472915032,75.40139008732662,121923600.0,AAPL,74.58615995296249,2.696118768346352,1.414113246495133,77.40945356324184,65.55604173705112,4.2772064208984375
2020-01-16,76.22107696533203,76.33230451028122,75.45944793772752,75.82212912980279,108829200.0,AAPL,76.9029555431798,2.712141556858029,1.3908000922866646,77.92462457016003,65.88301932022082,3.6002273559570312
2020-01-17,77.06488800048828,77.06730085653118,76.16301849026416,76.4700857814728,137816400.0,AAPL,78.7681459446728,2.761099988760165,1.3543590049569312,78.4653863229207,66.28498675447187,5.150077819824219
2020-01-21,76.54261779785156,77.13499233659138,76.40479724710379,76.69252476374683,110843200.0,AAPL,74.74484307308659,2.726329627347681,1.277504950831206,78.76126457569038,66.8728388178643,4.0547637939453125
2020-01-22,76.81585693359375,77.3695447452734,76.72155630946642,77.02862363912672,101832400.0,AAPL,75.45131146792058,2.689815461829056,1.2647256980264265,78.93576057424029,67.62342140207808,4.668922424316406
2020-01-23,77.18577575683594,77.26556233295065,76.32017294133449,76.86903492947071,104472000.0,AAPL,76.41327481437557,2.660063523612081,1.212223032390749,79.17932857393662,68.23166767240129,3.878265380859375
2020-01-24,76.96332550048828,78.17709525774193,76.77231144105775,77.43239351756245,146537600.0,AAPL,74.52212207935167,2.5886941666837373,1.242101223054331,79.24328051758083,68.99075802612033,2.0986862182617188
2020-01-27,74.7002182006836,75.38205304274135,73.71614173787451,74.96859866575934,161940000.0,AAPL,58.62560305574843,2.322744439571025,1.349522566518107,79.11418629908572,69.58021525120726,-0.33365631103515625
2020-01-28,76.81342315673828,76.9850901077203,75.48359274307904,75.58272644118536,162234000.0,AAPL,65.93312705108153,2.256484000981999,1.4536627994375633,79.11996174297647,70.24878444232627,0.17649078369140625
2020-01-29,78.42131805419922,79.2699941203994,77.70562947444549,78.44791850299463,216229200.0,AAPL,70.24008801567867,2.307120754580282,1.5034027476829834,79.35203158624411,70.8102616571641,2.8192367553710938
2020-01-30,78.30768585205078,78.3608793764205,77.06973551628201,77.50253703825538,126743200.0,AAPL,69.57067625316398,2.3114367732727317,1.4749046511915023,79.491877143018,71.40109771049762,3.0296096801757812
2020-01-31,74.83560943603516,78.01994488964468,74.54062855663432,77.59681700240047,199588400.0,AAPL,52.96170349470416,2.0115023527567644,1.6676442102920888,79.39274583383485,71.7217050023468,-1.385467529296875
2020-02-03,74.63011169433594,75.79794177628243,73.07299999922924,73.57591462493123,173788400.0,AAPL,52.167883151389155,1.7371949116727308,1.7458787434863692,79.1601898204714,72.22579116707743,-2.4347763061523438
2020-02-04,77.09387969970703,77.28489372686114,75.83174973753742,76.23795061808882,136616400.0,AAPL,59.92366699117258,1.6990244792100242,1.8422452840828538,79.09324296781423,72.75334058931466,0.5512619018554688
2020-02-05,77.72254943847656,78.52286500581071,77.11808104147103,78.22304366333603,118826800.0,AAPL,61.63316838522231,1.6999070599549242,1.8415558237293104,78.9224782565708,73.48166679347804,0.9066925048828125
2020-02-06,78.63167572021484,78.63409595534088,77.43483255655748,77.99336084201738,105425600.0,AAPL,64.02313141404389,1.7537492746378405,1.8519154708991092,79.03363824987042,73.90292333460224,1.4458999633789062
2020-02-07,77.56285095214844,78.3796069749616,77.07085803475874,78.12997524636046,117684000.0,AAPL,59.34286339117598,1.6906852245905242,1.898810850841187,79.09623137741262,74.11015137405222,0.5995254516601562
2020-02-10,77.93122863769531,77.93122863769531,76.0650521291358,76.14502805818842,109348800.0,AAPL,60.41689041809672,1.6513952546017379,1.9799523807748958,79.19340373066304,74.30271443339946,3.2310104370117188
2020-02-11,77.46106719970703,78.50079892091712,77.242943577511,78.42809351227764,94323200.0,AAPL,58.300061271246555,1.5642874397043158,2.0107329804880587,79.25442072017827,74.32411092655025,0.64764404296875
2020-02-12,79.30058288574219,79.30542744679461,77.91185062961374,77.91185062961374,113730400.0,AAPL,63.66423590380039,1.6249559307395742,2.074945184450303,79.61313234731199,74.33524945810794,0.8792648315429688
2020-02-13,78.73587799072266,79.06306707389666,78.36749164748854,78.57107415792922,94747600.0,AAPL,61.067198364355654,1.6089225240478129,2.0412528574195514,79.7711787653456,74.52298322195908,0.428192138671875
2020-02-14,78.75527954101562,79.00491129587996,78.24631951175783,78.70437836069574,80113600.0,AAPL,61.125871989458915,1.5795731407765174,1.8634962875272916,79.95376297109945,74.59381927377359,3.9196701049804688
2020-02-18,77.313232421875,77.49500334449696,76.24926307124777,76.43103399386973,152531200.0,AAPL,54.545994201305014,1.4235426783872072,1.8792923277223739,79.9644054835663,74.60801120344543,2.6831207275390625
2020-02-19,78.43295288085938,78.66319904548014,77.55560626835327,77.55560626835327,93984000.0,AAPL,58.29959337750353,1.3743963108115764,1.8002491605755182,80.08175579460935,74.67969440070316,1.3390731811523438
2020-02-20,77.62830352783203,78.68257641893778,77.12176941520916,78.19300936850892,100566000.0,AAPL,54.79757206417901,1.256040133571375,1.8151937652763337,80.11102195222239,74.73167290251394,-0.09424591064453125
2020-02-21,75.87118530273438,77.66466444490703,75.25316708230885,77.22113922163652,129554000.0,AAPL,48.01479779854135,1.0088281119814155,1.7183680557893137,80.13237326918582,74.57886254014036,-2.7604904174804688
2020-02-24,72.26726531982422,73.7214326099496,70.09813688315359,72.04429714392029,222195200.0,AAPL,37.705863380533664,0.5161546706519289,1.9360899588269993,80.71200437222011,73.52962541903965,-5.295585632324219
2020-02-25,69.81940460205078,73.32152656752166,69.34680474475954,72.93859916229857,230673600.0,AAPL,32.58795988915331,-0.07099608474941022,2.0303713724153503,81.63446573168274,72.11908269971376,-8.111824035644531
2020-02-26,70.92700958251953,72.19456142629366,69.43648955817032,69.44376009892217,198054800.0,AAPL,36.77000967060355,-0.44184945780709484,2.125306126845326,82.0342987728733,71.1306083011013,-6.5340576171875
2020-02-27,66.29061889648438,69.31528870252646,66.15489724457306,68.12772055016481,320605600.0,AAPL,28.73418547953962,-1.097223301022538,2.3805096224998303,83.03007260295678,68.92176455524634,-13.009963989257812
2020-02-28,66.25186157226562,67.4757902084099,62.134146685522694,62.34985172812334,426510000.0,AAPL,28.677764526005916,-1.601280619422198,2.650568610887767,83.5580708439004,67.18818388632423,-12.484016418457031
2020-03-02,72.41995239257812,73.05736355673497,67.30855537364073,68.41372189685545,341397200.0,AAPL,46.63624446486031,-1.4859076767255317,3.0033775734527546,83.54131906400212,66.9633699618768,-6.3353271484375
2020-03-03,70.11994934082031,73.67781024463216,69.26683312015966,73.59783429708392,319475600.0,AAPL,42.35373189857011,-1.5620583761578217,3.228600557814638,83.6266644114543,66.42700837907304,-7.1932830810546875
2020-03-04,73.37242126464844,73.53238053099778,71.04333387511636,71.8455487891952,219178400.0,AAPL,49.42619275123788,-1.3444629202377598,3.340605625178202,83.41327655859284,66.26825038842865,-5.0605316162109375
2020-03-05,70.9924545288086,72.5993032659202,70.62648670581913,71.6225878078589,187572800.0,AAPL,45.06888547338781,-1.3485155314757975,3.4700944337907487,83.12867926181742,65.87983819423725,-6.6358489990234375
2020-03-06,70.04966735839844,70.48349603940056,68.15925268654892,68.34586817457833,226176800.0,AAPL,43.435338237767596,-1.411531049242285,3.6182808665148585,82.68889593256121,65.46142068731184,-5.8215179443359375
2020-03-09,64.5093002319336,67.39824232728182,63.74101177856693,63.92278272470353,286744800.0,AAPL,35.3309572944886,-1.886782965851495,3.8898979458051195,82.86209652972005,63.98286501813153,-7.757965087890625
2020-03-10,69.15533447265625,69.42193323548972,65.28482634158217,67.16797734192903,285290000.0,AAPL,44.656457560218875,-1.867005719309887,4.144374115801618,82.35648047029346,63.61089166105418,-0.6640701293945312
2020-03-11,66.75355529785156,68.15682896396041,65.88832388635639,67.22858865883606,255598800.0,AAPL,41.337828457543864,-2.021829227054468,4.266245800270992,81.96637200505747,62.93024893610464,-4.173454284667969
2020-03-12,60.16132354736328,65.43752824947576,60.10558150322218,62.02993014789043,418474000.0,AAPL,33.89280547806044,-2.645964944248803,4.568851259701792,81.91419640227282,61.0684986050514,-6.129295349121094
2020-03-13,67.36912536621094,67.84173254059745,61.30524869933192,64.19904495715387,370732000.0,AAPL,45.4591327587812,-2.529825375940291,4.705091300677033,80.91320813332925,60.9328116115438,1.1172637939453125
2020-03-16,58.70230865478515,62.79093727126344,58.166688768527365,58.63929237514396,322423600.0,AAPL,37.06222004488933,-3.1013729119269584,5.078499498885708,80.60201603098913,59.23870662526086,-13.717643737792976
2020-03-17,61.283451080322266,62.434663042742706,57.77890662120889,59.98681722549025,324056000.0,AAPL,40.582291135462945,-3.3079201849571263,5.214048395557886,79.87020784794746,58.36753667414725,-8.836498260498047
2020-03-18,59.78322982788086,60.59029297407206,57.46867989664371,58.110939221051666,300233600.0,AAPL,39.20963779031623,-3.551723644819873,5.145666884538749,78.77008552764067,57.602686689156194,-13.589191436767578
2020-03-19,59.325172424316406,61.278603044823406,58.79924908019055,59.95773528488038,271857200.0,AAPL,38.778354173989754,-3.7388024601554406,4.941217630377723,77.57902799727317,56.963431109172134,-11.667282104492188
2020-03-20,55.55889129638672,61.03383075218806,55.25836203120277,59.9068487813525,401693200.0,AAPL,35.33665377772441,-4.14321082471011,4.867643825843148,76.98953580996593,55.52169389584461,-14.490776062011719
2020-03-23,54.37857437133789,55.37952718393081,51.52840835175716,55.27773593660342,336752800.0,AAPL,34.30896436652269,-4.506995243100597,4.840465670140081,76.93433360234943,53.788027008612495,-10.130725860595703
2020-03-24,59.834136962890625,60.03044895212406,56.78523248433621,57.28449598735918,287531200.0,AAPL,42.61611355915525,-4.305448181908304,5.000425912326416,76.48668252475412,53.23715132229179,-9.321197509765625
2020-03-25,59.50452423095703,62.58978134258821,59.20884326429101,60.772072300693104,303602000.0,AAPL,42.26832915588758,-4.124769896833158,5.0457833065741236,75.78252635792434,52.79905895396532,-7.249031066894531
2020-03-26,62.63582229614258,62.693986610997555,59.70809887531277,59.74687755064144,252087200.0,AAPL,46.7169978282124,-3.6864167520804827,5.0712304878441845,75.5821103059149,52.63399534594056,2.474498748779297
2020-03-27,60.04257583618164,62.012970232420024,59.87534598635253,61.256804335598744,204216800.0,AAPL,43.71279935112119,-3.5078358947118105,4.817789111412652,75.3630625868171,52.23211449142998,-7.326549530029297
2020-03-30,61.75606918334961,61.92814729709058,60.44489394046074,60.76966082427193,167976400.0,AAPL,46.175746122974644,-3.191257851760426,4.601570429794996,74.1174572483732,52.41133150895102,3.0537605285644602
2020-03-31,61.630027770996094,63.61738886653712,61.07502225152622,61.94752404866054,197002000.0,AAPL,46.01624195149466,-2.916913596282434,4.549810146131499,73.21767016134281,52.46212643899899,0.3465766906738281
2020-04-01,58.387237548828125,60.28007792812991,57.95583490890622,59.74203576856197,176218400.0,AAPL,41.996809796778045,-2.9274144554822215,4.337397222378677,71.37254645048819,52.80873177827158,-1.3959922790527344
2020-04-02,59.36152267456055,59.41484243057951,57.4153626742828,58.24908573406499,165934000.0,AAPL,43.59104898021608,-2.824560025104752,3.9316165625974304,69.8526673974387,53.16551764589627,0.036350250244140625
2020-04-03,58.50841522216797,59.548143090432646,57.91705333235699,58.845297125214294,129880000.0,AAPL,42.48979230586036,-2.7798415071924083,3.390806074054008,68.33153229899858,53.53252753071334,2.94952392578125
2020-04-06,63.612548828125,63.76765616071226,60.44004138982213,60.80842777645955,201820400.0,AAPL,50.54065748310201,-2.3059591726583335,3.4339121109833273,68.2058509699712,53.568533719359856,9.23397445678711
2020-04-07,62.875762939453125,65.84953953078768,62.77154940088239,65.63140853862814,202887200.0,AAPL,49.46421049174061,-1.9671800450096342,3.381284892856665,66.86512532056959,54.28130221544116,3.0416259765625
2020-04-08,64.48503875732422,64.80010532216062,63.312011573340016,63.67797191329824,168895200.0,AAPL,51.87519602086557,-1.5509615174204043,3.341641208433425,66.35165856050604,54.56791732145197,4.9805145263671875
2020-04-09,64.95037078857422,65.45448618898067,64.15300782522117,65.12245255308986,161834800.0,AAPL,52.579689677262465,-1.170069101375617,3.0220704686315827,66.9201163080281,54.478364298051005,2.3145484924316406
2020-04-13,66.22518920898438,66.33425469318199,64.42686608662422,65.02792444640441,131022800.0,AAPL,54.542956660518264,-0.7566200797536737,2.8704208730550262,66.62104150731611,54.66304548304034,6.182613372802734
2020-04-14,69.56979370117188,69.86063015904438,67.3885424559632,67.86114985093643,194994800.0,AAPL,59.30346693211655,-0.1572642762029588,2.726389899431729,68.29126445457611,54.07957104041901,7.813724517822266
2020-04-15,68.93477630615234,69.3952609864248,68.01380694560743,68.44278349471875,131154400.0,AAPL,58.06022241127895,0.2634520087563317,2.596036233522246,69.4747809704584,53.66118704711972,7.30474853515625
2020-04-16,69.4825210571289,69.84848877293005,68.43067451777503,69.64975084803966,157125200.0,AAPL,58.86135380737652,0.6337654656113756,2.4694899388875675,70.6578256219171,53.44807151858583,11.095283508300781
2020-04-17,68.53973388671875,69.54553862943841,67.1001079878715,68.99780003465911,215250000.0,AAPL,56.84847972999046,0.8414665995179433,2.4469866768716293,71.48263811579031,53.54471517095286,9.178211212158203
2020-04-20,67.11709594726562,68.26831182918983,67.09771030256397,67.36430914394938,130015200.0,AAPL,53.85564328460924,0.8811192579838973,2.415304685674904,71.65397227058428,54.52920148124678,8.608680725097656
2020-04-21,65.04248046875,67.19464932019156,64.3299378788463,66.95955863717874,180991600.0,AAPL,49.74297400958215,0.7366485190886465,2.4383293161273585,71.17039173121019,56.07917263036208,1.429931640625
2020-04-22,66.91593170166016,67.35217892207115,65.9707244599182,66.31244725801642,116862400.0,AAPL,53.2172757889357,0.7645134400257945,2.340865429786735,71.4396767950056,56.518067040443626,4.040168762207031
2020-04-23,66.65660858154297,68.28527633787508,66.61782989731152,66.86019112654976,124814400.0,AAPL,52.67445764558416,0.7569457822888239,2.3171487643772233,71.57664210632134,57.096310164186455,2.17156982421875
2020-04-24,68.58094787597656,68.5906443947667,67.13405124110245,67.18252643877639,126161200.0,AAPL,56.24135547920034,0.8958990906572524,2.338787768316372,72.06554322411696,57.201921604374235,3.6305770874023438
2020-04-27,68.6294174194336,68.96145104694212,67.84901413734978,68.29737639564895,117087600.0,AAPL,56.33063337128276,0.9984224828381372,2.042587480534089,72.36918144304491,57.7569675437715,2.4042282104492188
2020-04-28,67.5169906616211,69.27410964320943,67.42489960373554,69.0923387140796,112004800.0,AAPL,53.626389784186316,0.9786284477943781,1.9548174740747035,72.56189034495574,58.1403507896878,-2.0528030395507812
2020-04-29,69.73458862304688,70.20476992848462,68.80392253083471,69.00750504510519,137280800.0,AAPL,57.95918688152095,1.1288702412180527,2.009348680085849,72.99747776002609,58.515219459822546,0.7998123168945312
2020-04-30,71.20572662353516,71.3826529846121,69.88486235394257,70.2750603851693,183064000.0,AAPL,60.58982489965605,1.3510721678286188,2.0341048227862575,73.1443973446005,59.65014878271883,1.72320556640625
2020-05-01,70.05935668945312,72.46600172757337,69.27895329807433,69.37589630273538,240616800.0,AAPL,57.566956032069456,1.418316848718348,2.125509095853491,72.99194414393496,60.872385384873624,1.519622802734375
2020-05-04,71.05062866210938,71.17907983549179,69.3928785127616,70.0836095907262,133568000.0,AAPL,59.45084018782871,1.5339140996704117,1.993420551044219,72.42724230344473,62.691308569358,3.93353271484375
2020-05-05,72.11699676513672,72.95071986963468,71.36567557958281,71.51109377618626,147751200.0,AAPL,61.434416508388495,1.6920676452484855,2.017999440469995,72.88650865144028,63.08248701506362,7.074516296386719
2020-05-06,72.8610610961914,73.49362038525668,72.43450294504117,72.81985643084153,142333600.0,AAPL,62.801759522191894,1.8560498552841267,2.015057252253204,73.22634722128761,63.74117826089013,5.94512939453125
2020-05-07,73.61478424072266,73.9613663577404,73.18580760432597,73.48875908671029,115215200.0,AAPL,64.18693596664511,2.023500443277115,1.91897686796621,73.81785698617442,64.06264304434315,6.9581756591796875
2020-05-08,75.36695098876953,75.42041508755761,73.9477309492938,74.27580576384341,133838400.0,AAPL,67.24089363074782,2.271408075386148,1.9449488153005083,74.75189685835863,64.17026119217849,6.786003112792969
2020-05-11,76.55286407470703,77.04861391058948,74.66461535055964,74.87361403597093,145946400.0,AAPL,69.15791674227746,2.534355462664479,1.910612180920835,75.9149434899716,64.03998204713777,7.9234466552734375
2020-05-12,75.67800903320312,77.6901917346119,75.55650039805452,77.23817575538389,162301200.0,AAPL,66.08557246414209,2.6416978230313646,1.898040244009137,76.73789175725882,63.82785531305368,8.161018371582031
2020-05-13,74.7642593383789,76.78130706727246,73.68526209938001,75.85783701982658,200622400.0,AAPL,62.94047696884305,2.6228014308766205,2.0000829959612014,77.29408758044595,63.85460779308922,5.029670715332031
2020-05-14,75.22356414794922,75.28431846247351,73.2769935373758,74.00118763637258,158929200.0,AAPL,63.8712390442458,2.614746790141325,2.0053179325236283,77.86907900752544,63.85372067509175,4.0178375244140625
2020-05-15,74.7788314819336,74.82500534999646,72.95620221512807,72.99022818793124,166348400.0,AAPL,62.241194425781316,2.543161240251834,2.0878125770399723,78.3003348237367,64.04637461840196,4.719474792480469
2020-05-18,76.54071807861328,76.91496675486883,75.4131217905622,76.10572250052454,135178400.0,AAPL,65.94877421985208,2.5986431591305035,2.1083072365729256,78.88747630409564,64.40159535117779,5.490089416503906
2020-05-19,76.09843444824219,77.40586118201702,76.06684101530527,76.55773324993602,101729600.0,AAPL,64.2434433006395,2.577215846893239,2.011967300847798,78.99244413850293,65.40222291471973,3.9814376831054688
2020-05-20,77.57839965820312,77.64886932121465,76.91981756866943,76.95870121876094,111504800.0,AAPL,67.29133853212024,2.649117988278107,2.0049937659483157,79.45359083359284,66.0073230152841,4.717338562011719
2020-05-21,77.00003051757812,77.98182245463944,76.7618709013521,77.43989122316047,102688800.0,AAPL,64.96091546438788,2.6291244868257593,1.8644868462189084,79.5836706433623,66.91158539911817,3.3852462768554688
2020-05-22,77.49579620361328,77.57842120189112,76.63551282014404,76.73757594071667,81803200.0,AAPL,66.04638504548248,2.6230467898522107,1.8042516361486858,79.90009217274103,67.4866487025031,2.12884521484375
2020-05-26,76.97086334228516,78.79591801457437,76.91496669977643,78.61608760624858,125522000.0,AAPL,63.79292730546647,2.5465178042558563,1.8028845009538739,79.99718928186019,68.2236961856691,0.417999267578125
2020-05-27,77.30621337890625,77.45202521130052,76.0862694610132,76.82747651889329,112945200.0,AAPL,64.6233446603433,2.484290621262602,1.8021082245372568,79.76157177826505,69.43823596099276,1.628204345703125
2020-05-28,77.34024810791016,78.60150836399505,76.7035440312258,76.98057986946539,133560800.0,AAPL,64.71180346952349,2.4099411471996746,1.8590838724815606,79.73743650000375,70.2229371877404,2.57598876953125
2020-05-29,77.26493072509766,78.04501428017177,76.90769495227487,77.58328283504785,153532400.0,AAPL,64.32846262313491,2.3182181937100665,1.8113473354145566,79.79365110088115,70.77264299701925,2.0413665771484375
2020-06-01,78.21510314941406,78.33661177403135,77.08749955314255,77.21873094429264,80791200.0,AAPL,66.9855030565351,2.295734270337917,1.7302840254759115,79.65444273677969,71.7274260071168,3.4362716674804688
2020-06-02,78.57719421386719,78.60149742135009,77.50548728566115,77.9477804464378,87642800.0,AAPL,67.96477690709833,2.2808412042296453,1.6561639396995946,79.57920445743994,72.55532084163232,2.0364761352539062
2020-06-03,79.009765625,79.2722284031161,78.3244552131719,78.89797976869754,104491200.0,AAPL,69.1423477482522,2.2776874763522272,1.502715955560434,79.63234410129547,73.19145808376311,2.9113311767578125
2020-06-04,78.3293228149414,79.13127678381436,77.95507416852828,78.83237030887165,87560400.0,AAPL,65.08925017952348,2.1949797163711935,1.4433500762881744,79.54469945068418,73.82592890624942,0.7509231567382812
2020-06-05,80.56021881103516,80.62097312386399,78.55046881252456,78.57962969607472,137250400.0,AAPL,71.07580079001059,2.28312938882236,1.4450849602954199,80.0065493579141,74.05862245605074,3.5601882934570312
2020-06-08,81.03655242919922,81.07057841339436,79.54442995968292,80.25646891839591,95654400.0,AAPL,72.17303640185028,2.3641720773618857,1.4015144732080063,80.67718633078873,73.95494562721909,3.5407562255859375
2020-06-09,83.59548950195312,83.98917620405685,80.68414800964212,80.71574143423261,147712400.0,AAPL,77.18106667812987,2.6048566616240834,1.5419436180439337,82.02178310644142,73.31461139429099,6.624626159667969
2020-06-10,85.74623107910156,86.21525273105746,84.10586415417485,84.54572491407342,166651600.0,AAPL,80.37751976027889,2.9353113573100273,1.6183242149104962,83.72053804025276,72.62267866506951,8.440017700195312
2020-06-11,81.62950134277344,85.31364412865861,81.52743824020874,84.88836389660872,201662400.0,AAPL,62.36859561276937,2.8323636743106135,1.8325271638823162,84.02554654965141,73.0041943561103,4.289253234863281
2020-06-12,82.3342514038086,84.52140692132026,81.22123552584637,83.77291696294331,200146000.0,AAPL,63.86136381663105,2.77564838709381,2.000903093434232,84.40446675681059,73.33634287453705,5.0693206787109375
2020-06-15,83.35248565673828,84.00620266393342,80.82267515019947,80.98549997370785,138808800.0,AAPL,65.96223875775692,2.780808676407304,2.0939442505010897,84.8269203818654,73.77125466696272,5.137382507324219
2020-06-16,85.56151580810547,85.83370137590062,83.77291228895632,85.41084628969108,165428800.0,AAPL,70.03246118629689,2.9293804402074812,2.173619962563591,85.77963577698017,73.72061904479716,6.984321594238281
2020-06-17,85.44243621826172,86.36833137108918,85.3209275901605,86.30757705703857,114406400.0,AAPL,69.54965535422092,3.0029003398331042,2.1128656374321224,86.49826126353977,73.93639373523953,6.432670593261719
2020-06-18,85.47647094726562,85.89446096739049,84.86649519851686,85.39870363740545,96820400.0,AAPL,69.6141337746952,3.028995335416653,2.10505466893046,87.18111762591924,74.0433445017663,7.147148132324219
2020-06-19,84.98799133300781,86.65022840110043,83.87740074194414,86.18363944319607,264476000.0,AAPL,67.40794782894888,2.975954632409781,2.213891485949566,87.6269652723562,74.39629293687231,4.427772521972656
2020-06-22,87.21161651611328,87.35499583192716,85.33552267955825,85.38169655946604,135445200.0,AAPL,71.7906118629268,3.0778677186503103,2.3046767976088804,88.44431036894406,74.55052987153445,6.1750640869140625
2020-06-23,89.0731201171875,90.49477263698164,88.03786416864946,88.4582867176972,212155600.0,AAPL,74.84069760529566,3.2711347519027925,2.471489864103463,89.48401594838424,74.7210499695845,5.477630615234375
2020-06-24,87.50081634521484,89.62236023563854,87.12656759285979,88.70132250891346,192623200.0,AAPL,68.13918869932922,3.2598509613659985,2.5657462946386542,90.00714282028298,75.21738339431664,1.7545852661132812
2020-06-25,88.66244506835938,88.70132873255437,86.89571168374631,87.65635714140345,137522400.0,AAPL,70.25812857137646,3.3065266251978187,2.5310296332019027,90.60735065311111,75.74939525753341,7.0329437255859375
2020-06-26,85.9382095336914,88.77908238211344,85.78996512327025,88.55793574774712,205256800.0,AAPL,60.154210247380526,3.088096727996259,2.6355274049970276,90.58624096544496,76.63783282605895,3.6039581298828125
2020-06-29,87.9188003540039,88.01358066282918,85.36711865011787,85.84586303787991,130646000.0,AAPL,64.18669256698351,3.0397660565613194,2.5884869634467833,90.83675105515108,77.35769245681182,4.566314697265625
2020-06-30,88.65269470214844,88.9394607092836,87.48621480460635,87.50565292250278,140223200.0,AAPL,65.57685037119248,3.0258032157556016,2.5051642974162767,91.10535655343406,78.09663700735695,3.0911788940429688
2020-07-01,88.48502349853516,89.27482970528494,88.43642448943781,88.73047333907931,110737200.0,AAPL,64.95647896990357,2.9670060995568406,2.263708038627299,91.23561365447038,78.91390569367415,3.0425872802734375
2020-07-02,88.48502349853516,90.03061734729651,88.37081248982172,89.39391322261687,114041600.0,AAPL,64.95647896990357,2.887127947554319,2.146539000198792,91.0359578646865,80.12913155181742,3.0085525512695312
2020-07-06,90.85202026367188,91.32104187882804,89.88480872729063,89.91640216330728,118655600.0,AAPL,69.65627170173502,2.9804638616082144,2.1217169192387155,91.49715822848324,80.69711133328434,5.8640289306640625
2020-07-07,90.57009887695312,92.0111893796949,90.45831301928035,91.2311060890885,112424400.0,AAPL,68.47828900301316,2.997135434514945,2.0554069650424447,91.7722874169407,81.37533678960226,3.3584823608398438
2020-07-08,92.67948150634766,92.7110749334306,91.46196278865938,91.54945284952731,117092000.0,AAPL,72.25853532189228,3.1443116579745976,2.133519270438786,92.6969026066718,81.35912080031063,3.6063613891601562
2020-07-09,93.07803344726562,93.62724735467384,92.02819721331936,93.57378326638128,125642800.0,AAPL,72.9193558907932,3.255581370695978,2.1743110113302757,93.63402781735377,81.15517582644506,5.577217102050781
2020-07-10,93.2408447265625,93.29917390215472,92.05978460305136,92.67218532454268,90257200.0,AAPL,73.200202971621,3.3186456480062674,2.0647796998979238,94.11598296735349,81.83435501482424,4.578399658203125
2020-07-13,92.81071472167967,97.16315436612253,92.59685836455569,94.54828649886588,191649200.0,AAPL,71.10225725783712,3.295923293395404,2.221871950087031,94.39627644698498,82.60170786697987,6.872505187988267
2020-07-14,94.34661102294922,94.53858935423052,91.25543060561826,92.19104129715517,170989200.0,AAPL,73.97096834223235,3.3630821416688406,2.2218721377830244,94.97562000314319,83.12177684744275,6.4278106689453125
2020-07-15,94.99546813964844,96.47544271657276,93.79496199521328,96.22513517564072,153198000.0,AAPL,75.09574998508295,3.429134432199035,2.2350641433959333,95.77151891704781,83.26927316669241,6.3427734375
2020-07-16,93.82653045654295,94.684381064222,93.22627754411272,93.86541410703498,110577600.0,AAPL,69.28692285113608,3.3485577570994707,2.2324622538764802,96.16369548258493,83.71550602498343,5.341506958007798
2020-07-17,93.63697814941406,94.43407445102358,93.16309153453818,94.27854726393537,92186800.0,AAPL,68.36345979440728,3.2321466993205945,2.1097383722794945,96.40756037119039,84.28769185659283,5.151954650878906
2020-07-20,95.61029052734376,95.74881216241435,93.37939358732925,93.72448140194916,90318000.0,AAPL,72.4761737790592,3.2615231064304453,2.089949555306194,96.82165556237354,84.93582658484326,4.758270263671889
2020-07-21,94.29069519042967,96.47785049123864,94.0403877137668,96.40251573529238,103433200.0,AAPL,66.27180060700692,3.142103591034129,2.1602507605058077,97.09873582366134,85.3666541909871,3.7205963134765483
2020-07-22,94.55558013916016,95.23845801277096,93.9042956943986,93.99177834386008,89001600.0,AAPL,66.88462150871423,3.0338642675763765,2.195661982114753,97.45969434244164,85.55394167440407,1.8760986328125
2020-07-23,90.2517547607422,94.3660353547066,89.44007797032316,94.2882680485315,197004400.0,AAPL,50.75000785433371,2.5711623256479186,2.44249750435491,97.3285674219871,85.96016243641132,-2.8262786865234233
2020-07-24,90.0281753540039,90.37326313898976,86.65509447529368,88.44613797665554,185438800.0,AAPL,50.07422314981804,2.1615101697459522,2.5055082388837095,97.27758322300691,86.14771966395598,-3.2126693725585938
2020-07-27,92.16187286376952,92.2542206187511,90.8690265429245,91.09259829217558,121214000.0,AAPL,56.08427276571998,1.986134519379604,2.553591732050328,96.880108541797,87.16756067817371,-0.6488418579101562
2020-07-28,90.64787292480467,91.90913313088772,90.64300783304508,91.73172785652534,103625600.0,AAPL,51.35979112585487,1.7053230087833668,2.5091552302108258,96.67204378062085,87.64853269642994,-3.6987380981445455
2020-07-29,92.38544464111328,92.57014013630604,91.09502355323384,91.1314746598381,90329200.0,AAPL,55.946441458373215,1.6044898196310697,2.5322421637927457,96.54571046501998,88.14814100592729,-2.6100234985351562
2020-07-30,93.50332641601562,93.60782206135195,91.14848849561244,91.55675572597188,158130000.0,AAPL,58.64811770714569,1.5963804276135676,2.619381039981042,96.40656557913516,88.78911618356014,-0.32320404052732954
2020-07-31,103.29206085205078,103.44273037041388,98.0088604443455,100.01132775994397,374336800.0,AAPL,73.80005231856342,2.3527022501027943,3.003174465183286,99.05785375038397,87.6185317476629,9.655082702636719
2020-08-03,105.89476776123048,108.51935112132352,104.87895742584206,105.1778638999422,308151200.0,AAPL,76.28791263512237,3.1260740040662114,3.1420410023733205,101.97857973504088,86.20208051276185,10.284477233886719
2020-08-04,106.60196685791016,107.69554467867292,105.36014463163504,106.08433883614124,173071600.0,AAPL,76.92896536733815,3.752782012700692,3.1173923827789207,104.37170006195632,85.41214698394211,12.311271667480483
2020-08-05,106.98834228515624,107.30912682898914,105.85588103165972,106.3224774059892,121776800.0,AAPL,77.29020031296349,4.231847785596912,3.094824897192756,106.44643379399191,84.76829932978738,12.43276214599608
2020-08-06,110.72109985351562,111.2168571833951,106.73076025201289,107.32129046502143,202428800.0,AAPL,80.47144934939976,4.856727866275364,3.324475898256815,109.17618147359981,83.80285829080448,20.469345092773423
2020-08-07,108.20377349853516,110.6991917635781,107.40523995090824,110.24149434670588,198045600.0,AAPL,73.04052760727764,5.090146592150063,3.3920788502226924,110.84876436025846,83.62656828134311,18.17559814453125
2020-08-10,109.77649688720705,110.79657580812425,107.12039705946748,109.65233223130258,212403600.0,AAPL,74.61752965703548,5.3404765583317015,3.4805585624501876,112.61887222275183,83.55303863540246,17.61462402343753
2020-08-11,106.51174926757812,109.53789844079104,106.2512501776772,109.03881778751952,187902400.0,AAPL,65.98833982112284,5.215308185445693,3.637064590390007,113.58213546409243,83.80628921852477,15.863876342773452
2020-08-12,110.05158996582033,110.30965211624508,107.41009717699764,107.6048585408266,165598000.0,AAPL,70.03471671259753,5.340188539478021,3.5429503532350037,115.05277775029656,83.84125911493781,17.666145324707045
2020-08-13,111.99925231933594,113.00472456165949,110.94508601296111,111.43443386689364,210082000.0,AAPL,72.0079899297589,5.532541499875222,3.4883050626737955,116.68302894258032,84.02828010893334,18.495925903320312
2020-08-14,111.89942932128906,111.98950664875925,110.08568325260936,111.82395872639944,165565200.0,AAPL,71.74720921638809,5.612233392081535,3.465985334243751,118.05042279775529,84.48713137094589,8.607368469238281
2020-08-17,111.6072769165039,113.04853640766868,110.97916514281516,113.0241893774422,119561600.0,AAPL,70.93749056735595,5.587407379131179,3.5053072081101138,119.23519848614333,84.90205432147386,5.712509155273423
2020-08-18,112.53726959228516,112.9633165837108,111.0229765598598,111.35894623327408,105633600.0,AAPL,72.01999975051179,5.578470090937458,3.5065981232779455,120.34536269197268,85.61654755583005,5.935302734375
2020-08-19,112.67848205566406,114.09539455025546,112.58353829409737,112.94628453517508,145538000.0,AAPL,72.18938952295197,5.519160445232558,3.442226079865859,121.29167127489202,86.4825291645611,5.690139770507827
2020-08-20,115.1787567138672,115.29318105450596,112.70281190884116,112.71985557077384,126907200.0,AAPL,75.0674834307037,5.609248468252261,2.919032868754691,121.98810317455656,88.27879746020906,4.457656860351577
2020-08-21,121.1142120361328,121.59868597251888,116.1282420708619,116.14041187069935,338054800.0,AAPL,80.28384480614098,6.089390808653519,3.0042213679960432,123.41009845819907,89.96540584477945,12.910438537597642
2020-08-24,122.56278228759766,125.41365111642796,120.69304610980436,125.32843278854136,345937600.0,AAPL,81.31149726966619,6.511731399584434,3.1745931508235947,124.8974083939513,91.51818685141002,12.78628540039061
2020-08-25,121.55728912353516,121.90299909151932,119.83119107466612,121.4331319106022,211495600.0,AAPL,78.2621961448708,6.688206978826358,3.2659035376523176,125.28027803393644,94.22625883129794,15.045539855957031
2020-08-26,123.21037292480467,123.66807037859338,121.80806709697056,122.8768401331762,163022400.0,AAPL,79.61565643244433,6.882122371452468,3.096238132200604,125.63702932123007,96.95200037237345,13.158782958984347
2020-08-27,121.7374496459961,124.14765680517117,120.59076927456684,123.81412407030224,155552400.0,AAPL,75.12720019626768,6.838123487349151,3.1134543913432426,125.10131250364972,100.31112951295185,9.738197326660156
2020-08-28,121.5402603149414,123.13245352128918,121.31627804416574,122.71370987305929,187630000.0,AAPL,74.52148566824789,6.7099938909179855,2.9805970148051477,125.78022620608343,101.45703575680719,9.640830993652344
2020-08-31,125.66194915771484,127.57064628140904,122.70153764471402,124.24017775703048,225702700.0,AAPL,78.43522723452885,6.861935979280986,3.159535533157847,127.32574759626603,101.88823250627304,14.054672241210938
2020-09-01,130.6674041748047,131.27118380524524,127.11296048915096,129.28457897882038,151948100.0,AAPL,82.04276270251398,7.302075782304399,3.288916375933808,129.82748073353685,101.79304310069169,18.13013458251953
2020-09-02,127.96016693115234,134.36791557513135,123.67535734483124,133.98812570206806,200119000.0,AAPL,74.75837560938152,7.347738175124775,3.8417323498238756,131.2305692708637,102.48713702796441,15.281684875488281
2020-09-03,117.715576171875,125.46719678609372,117.34552656361724,123.58772784996528,257599600.0,AAPL,54.895488455549796,6.482546334855087,4.46323744273877,131.2888759243015,103.12827800636256,2.5368194580077983
2020-09-04,117.79348754882812,120.4617572800833,107.98710202760628,116.92678671535832,332607200.0,AAPL,54.99342604765019,5.737029460613229,5.206472013283306,131.11519853293663,104.26092680275674,-3.3207244873046733
2020-09-08,109.86654663085938,115.8750237924831,109.73021220865846,110.9669623042436,231366600.0,AAPL,44.424292550230234,4.455207227103003,5.6438245358774966,131.10858643267517,104.27654387738343,-12.696235656738281
2020-09-09,114.24874877929688,116.021103778046,112.24267867897343,114.19032186132058,176940500.0,AAPL,50.13035302494254,3.7497363354577686,5.972141120821519,130.55091440425713,105.60791585697334,-7.308540344238281
2020-09-10,110.51902770996094,117.34552021964376,109.55494626315289,117.20918576977876,182274400.0,AAPL,45.81852796282081,2.8567573312250687,6.341846474939302,130.5125408497315,105.69303318591305,-12.691345214843736
2020-09-11,109.06803894042967,112.2134865467846,107.12039538792202,111.57076060821522,180860300.0,AAPL,44.22485513124825,2.00882587528271,6.247072324954367,130.73328959528985,105.17916310246405,-12.66941070556642
2020-09-14,112.34008026123048,112.89515837432543,109.84709890131904,111.7168349212526,140150100.0,AAPL,48.56916711257859,1.5826170521976621,6.183251926902378,130.7127953406046,105.24372245114344,-9.200180053710923
2020-09-15,112.51537322998048,115.71924788814476,110.63589683262788,115.23233698136607,184642000.0,AAPL,48.79925142557533,1.2446407233310453,6.351234772801332,130.66871653378672,105.37861088930899,-13.14657592773436
2020-09-16,109.19463348388672,112.96332644603498,109.10699308995494,112.21348694471548,154679000.0,AAPL,44.71793540515672,0.7007581984812674,6.475917065731461,130.88932502024602,104.82373879200985,-21.47277069091797
2020-09-17,107.45149230957033,109.26280142604844,105.8641654729451,106.84772755719132,178011000.0,AAPL,42.69915647248757,0.12759956597849964,6.464613381624248,131.25951659560332,103.93084824204317,-20.508674621582017
2020-09-18,104.0431137084961,107.97735452695603,103.31274738543308,107.50992424081116,287104900.0,AAPL,38.99245546214586,-0.5948039184438727,6.668072786224213,131.9663744409432,102.11042609616617,-13.672462463378906
2020-09-21,107.19830322265624,107.3054242127271,100.4010239357237,101.80332967507266,195713800.0,AAPL,43.851683736811,-0.9023151325347385,6.7305023798339105,131.7599129664451,100.92529668931662,-10.59518432617189
2020-09-22,108.88299560546876,109.90551130322967,106.30237419337884,109.73022311017552,183055400.0,AAPL,46.310645546951534,-0.998568513235881,6.587209698571085,131.12771499857416,100.18951598897466,-0.9835510253906108
2020-09-23,104.31578826904295,109.17515670886098,103.97494471367466,108.69798613288378,150718700.0,AAPL,41.06068504688969,-1.4269366359133357,6.194899253205814,130.7941971797778,98.7988837223218,-9.93296051025392
2020-09-24,105.38699340820312,107.36385041762158,102.25128611202057,102.41683403022384,167743300.0,AAPL,42.701373111898505,-1.66083903846652,5.801893820210522,129.91528422447416,97.89545872596528,-5.1320343017578125
2020-09-25,109.3406982421875,109.49651327893982,104.85137965372228,105.591486218956,149981400.0,AAPL,48.409657784878256,-1.5097737085425678,5.242642275406274,128.9754101288665,97.5956576811921,0.2726593017578267
2020-09-28,111.95055389404295,112.30113033847591,109.82762206038592,111.9992479561973,137672400.0,AAPL,51.82166633738609,-1.1660186691830035,4.878153472271898,128.0124292785419,97.59966788942685,-0.3895263671875284
2020-09-29,111.10332489013672,112.2913886673386,110.5969408264079,111.55128945340192,99382200.0,AAPL,50.650563602313056,-0.9509921780398827,4.559574236110761,126.0358654703062,98.12036927090473,-1.4120483398437642
2020-09-30,112.77828979492188,114.19033573143906,110.64562530338286,110.81117321087004,142675200.0,AAPL,52.915973517937886,-0.6380711777250525,4.256298269793999,122.08336337558417,100.28395992763849,3.5836563110351562
2020-10-01,113.73265075683594,114.6383053427008,112.79778270524491,114.56039781431716,116120400.0,AAPL,54.20590233149467,-0.30950232663937527,4.025364297573738,118.13960156311919,102.80497012267182,6.281158447265611
2020-10-02,110.06134796142578,112.3498353720859,109.28229489857404,109.93475378900114,144712000.0,AAPL,48.680779991937634,-0.3414169560307272,4.069881185028462,116.95697988524591,103.22216897950017,6.0182342529296875
2020-10-05,113.45022583007812,113.59630056815382,110.57745484315866,110.9280312426724,106243800.0,AAPL,53.40228384238243,-0.09219266809977,3.959281295829259,115.94246689548046,103.80235579739062,6.251922607421889
2020-10-06,110.19768524169922,113.08019705568265,109.3115037828743,112.6711862279405,161498200.0,AAPL,48.765035677220474,-0.15534277243367,3.979451916623815,115.960762676163,103.81717387779207,1.3146896362304545
2020-10-07,112.06739807128906,112.52509543882869,111.14226303933226,111.61944100062698,96849000.0,AAPL,51.37878070430632,-0.05389818090539222,3.90293579119711,115.59488537961954,103.96491610353476,7.751609802246108
2020-10-08,111.96029663085938,113.35286214055571,111.59023958163668,113.20678738058209,83477200.0,AAPL,51.21759702418138,0.01765171955578637,3.695651178153973,115.7407702478594,103.96315812738474,6.57330322265625
2020-10-09,113.90792083740234,113.93713429847531,111.9115834611595,112.26215985337453,100506900.0,AAPL,54.0411807581512,0.22887420825037452,3.347161932462003,116.23931506770292,103.9486014972385,4.567222595214844
2020-10-12,121.1434326171875,121.90301242749467,116.15746235896894,116.91704216927612,240226800.0,AAPL,62.682802903636095,0.9689454828714474,3.6608729667649667,118.38211010111498,102.68614169942212,9.192878723144545
2020-10-13,117.9298095703125,122.10750566774657,116.5177710390298,121.99064438590798,262330500.0,AAPL,57.51050037941315,1.281373896765487,3.6886960120171417,119.28841146697113,102.32128396759919,6.826484680175781
2020-10-14,118.0174331665039,119.80926120890872,116.48853366718312,117.83240469898676,150712000.0,AAPL,57.61320191680527,1.5185413580964138,3.5607076717403268,120.27690611684396,102.21506928598806,5.239143371582031
2020-10-15,117.5500259399414,118.02719653089068,115.05704456556252,115.61212268187876,112559200.0,AAPL,56.82418273884332,1.6497649594920603,3.4410661246053706,121.01478590547244,102.4870428603967,3.8173751831054688
2020-10-16,115.90426635742188,118.36804173088584,115.69976467276356,118.10510568656042,115393800.0,AAPL,54.018959580831016,1.6024890684245037,3.4201979075935034,121.0308955615776,103.65704846918412,5.842918395996094
2020-10-19,112.94385528564452,117.26761901216874,112.6322326077899,116.81966187710712,120639300.0,AAPL,49.303913706820985,1.3110294207691169,3.630264947839799,120.9749068691617,104.28759236789885,-0.506370544433608
2020-10-20,114.43378448486328,115.8653035030266,112.60299502286628,113.15807306769804,124423700.0,AAPL,51.593926245930675,1.1865920896859734,3.6100933801329496,121.0952745681792,104.7223035568208,4.2360992431640625
2020-10-21,113.810546875,115.60237527015636,113.40153610682728,113.61577807356772,89946000.0,AAPL,50.56499559176463,1.0258590769145144,3.634437924100818,120.50361083184578,106.26344315374993,1.7431488037109375
2020-10-22,112.7198715209961,114.94992429837151,111.59023468508376,114.3753655822656,101988000.0,AAPL,48.73335455913356,0.801232510726706,3.5565331923169503,119.81319784875718,107.68714394811782,0.7595748901367188
2020-10-23,112.02847290039062,113.4989460580051,111.28836617190188,113.3431309868826,82572600.0,AAPL,47.55730580495877,0.5609578750529067,3.4619351408437486,119.64780055640176,108.12131870629355,-1.8794479370117188
2020-10-26,112.03817749023438,113.4989098829119,109.924978982279,111.025402139751,111850700.0,AAPL,47.57642893508598,0.36708998959740313,3.421592916088682,119.64612137542288,108.13176024689157,-9.105255126953125
2020-10-27,113.54761505126952,114.20981414129768,111.54154461515652,112.46667230975784,92276800.0,AAPL,50.59412326526368,0.3314268079744096,3.445940011018089,119.62124918709789,108.40106145132985,-4.382194519042983
2020-10-28,108.28897094726562,112.4082400407623,108.19159026240904,112.03819046643926,143937800.0,AAPL,41.608060840853426,-0.11978435182710712,3.7026115988710493,119.9376536166969,107.63572513696519,-9.728462219238281
2020-10-29,112.3011245727539,113.86897819384106,109.26279802021776,109.42835336524011,146129200.0,AAPL,49.04425872501864,-0.15187446585683517,3.9565013423895934,119.90193666186234,107.52828947339158,-5.2489013671875
2020-10-30,106.0102310180664,109.05829026903427,104.90007487274671,108.15263578946612,190272600.0,AAPL,40.36434487788368,-0.6771231924266345,3.9140697788120837,120.42569292312179,106.59942151779619,-9.894035339355469
2020-11-02,105.92257690429688,107.78257980979632,104.51053849295828,106.25368012654585,122866900.0,AAPL,40.257434961588,-1.087918697334132,3.7485202565350315,120.83825933118646,105.43409021715337,-7.021278381347642
2020-11-03,107.54886627197266,108.57137455492789,105.8836321285859,106.78928656758605,107624400.0,AAPL,43.26017855486648,-1.2676366083463932,3.70330703400763,121.00389815894144,105.00356949242575,-6.884918212890625
2020-11-04,111.94080352783205,112.56404883306529,109.4088685466132,111.15201031363652,138235500.0,AAPL,50.49643351904535,-1.043641269118254,3.849380647990807,121.00088734440975,104.99392085261174,-1.8697433471679545
2020-11-05,115.91399383544922,116.48855249232687,113.81054286184263,114.862264633811,126387100.0,AAPL,55.967445890680374,-0.5393033432564494,3.9836286413031323,121.28555250716643,105.10462541031403,3.194122314453125
2020-11-06,115.7823257446289,116.27982636729172,113.28503575822148,115.42138735344204,114457900.0,AAPL,55.74756728070562,-0.14852432205402977,3.8664432273525184,121.4570931473874,105.12052526081574,3.7538528442382812
2020-11-09,113.47035217285156,119.00144476860126,113.20697000078648,117.5479493870478,154515300.0,AAPL,51.8924410274343,-0.02509677758361306,4.047312247899265,120.19347515231487,105.61683521145466,1.4321746826171875
2020-11-10,113.1289520263672,114.7092602782096,111.33402473178882,112.71924303088868,138023400.0,AAPL,51.32798203449484,0.04465751796664108,4.1311977038343874,119.56238346005412,105.76784114932087,-0.41866302490231533
2020-11-11,116.56270599365234,116.6992756479048,113.58743002030904,114.31905635772776,112295000.0,AAPL,56.458083884138645,0.37271709713597545,4.146242990137948,119.27946871384691,105.90528317824294,8.273735046386719
2020-11-12,116.2895736694336,117.57723580292728,115.66525308607233,116.68953299697138,103162300.0,AAPL,55.95289036557612,0.6037080111100437,4.124914620905928,119.04117717845244,106.01752948658662,3.9884490966796875
2020-11-13,116.33834075927734,116.7382926065819,114.98239392252158,116.51393137193214,81581900.0,AAPL,56.0285459317639,0.7816941872184628,3.995055176865029,119.11294402150382,105.9891700837208,10.328109741210938
2020-11-16,117.3528823852539,118.0259736401694,115.25555179677478,116.00668499044508,91183000.0,AAPL,57.657929293987756,0.9931659456466235,4.0023517709545615,119.67625083412354,105.86676598106202,11.430305480957031
2020-11-17,116.46517944335938,117.7138207724506,116.04571329913442,116.62126333074048,74271000.0,AAPL,55.712620680051465,1.076716906934692,3.7389291055585403,119.93866843635287,105.80748787468228,8.916313171386719
2020-11-18,115.13848876953124,116.88463807429636,115.1092249031507,115.70428166118477,76322100.0,AAPL,52.84313072481475,1.0240739093828068,3.467172385884985,120.06684657855642,105.81210392193186,3.1976852416991903
2020-11-19,115.7335433959961,116.14325240275552,113.94837315477304,114.70926343660877,74113000.0,AAPL,53.98784098709606,1.0186277828207437,3.09530306788322,120.3246047339821,105.8557129540062,-0.180450439453125
2020-11-20,114.46539306640624,115.86036112610928,114.41662243532618,115.73354855431413,73604300.0,AAPL,51.138793578700614,0.9015895914692749,2.9647100231650105,120.45324490269773,105.97076480189212,-1.3169326782226705
2020-11-23,111.0608901977539,114.73853654084122,110.9633414959256,114.30931332180998,127959300.0,AAPL,44.369330276399424,0.5280342031222744,3.0423852102059845,120.45077337214113,105.87550760320067,-2.4094619750976562
2020-11-24,112.34854125976562,113.01188278583412,109.83174481299208,111.11941434226163,113874200.0,AAPL,47.21536660139867,0.3320637220066516,2.911310596759513,120.39722804808414,105.80914554810727,-0.7804107666015767
2020-11-25,113.1874771118164,113.8898396262195,112.34854493544476,112.7192403972066,76499200.0,AAPL,49.0444474938903,0.24166505152972206,2.6965641254708737,120.28155648176562,106.41466773088086,-3.3752288818359375
2020-11-27,113.7337646484375,114.61171786005691,113.372833703236,113.71425788484106,46691300.0,AAPL,50.25328257046035,0.21166435762121694,2.5843819925544644,120.3372278923477,106.50226032786713,-2.5558090209960938
2020-11-30,116.1334991455078,118.00646092624498,113.94836962549256,114.1044534951316,169410200.0,AAPL,55.272923339737666,0.3771792227569648,2.4756835289825148,119.98933659963092,107.86247843332808,-0.20484161376954546
2020-12-01,119.71358489990234,120.44521126709456,117.06997585287974,118.04547767580269,127728200.0,AAPL,61.51234799173754,0.7881486590656408,2.542574712922942,119.93807859448683,109.29283723803272,2.3607025146484375
2020-12-02,120.06478118896484,120.34767764614222,117.9284295476018,119.0307440662674,89004200.0,AAPL,62.07131095797352,1.129167167448486,2.460355032708858,119.97622728073762,110.50628004348113,3.5996017456054688
2020-12-03,119.92820739746094,120.74762543083594,119.21608772727546,120.49399284991507,78967600.0,AAPL,61.69606054127544,1.3725841331846027,2.4331803889021097,120.54775111580928,110.73349659537236,4.789718627929702
2020-12-04,119.25511169433594,119.85016847078656,118.54299200625124,119.59653588349062,78260400.0,AAPL,59.77798515022139,1.4939592025783242,2.4067030108413516,120.9746019315659,110.6407575655044,3.5215682983398438
2020-12-07,120.71835327148438,121.51826448637163,119.25510050455728,119.31362823363808,86712000.0,AAPL,62.506861945701864,1.6887542778863462,2.370470306442762,121.6685050359569,110.44045721379895,6.252960205078139
2020-12-08,121.3329086303711,121.91821565194306,120.0745104419721,121.3231589711694,82225500.0,AAPL,63.62314645613214,1.871150798248138,2.3830130019181035,122.39120507768907,110.50401281781875,10.272018432617188
2020-12-09,118.79660034179688,122.864440798915,118.03571017773018,121.47923011856346,115089200.0,AAPL,56.18795663801837,1.7904038119986296,2.601107105492329,122.54745178068829,110.91453094636249,6.44805908203125
2020-12-10,120.22083282470705,120.83540368650692,117.20653600869164,117.54796013053176,81312200.0,AAPL,59.07982132247262,1.820351028679184,2.7035348504803856,122.93456098098623,110.89323442917002,7.033355712890639
2020-12-11,119.41118621826172,119.75261038065898,117.5967521638208,119.43069298076075,86939800.0,AAPL,56.785159929782175,1.7584820129867893,2.787844991202039,123.1836262401925,110.95633042484656,5.677421569824219
2020-12-14,118.79660034179688,120.32813777119684,118.56248200881195,119.59651146844232,79184500.0,AAPL,55.037683443258764,1.6409426628204784,2.6443064710212716,123.34333946007231,111.0424431632187,2.6631011962890767
2020-12-15,124.74715423583984,124.76666843755751,121.0890228749409,121.29387733805277,157243700.0,AAPL,65.96020525725902,2.004841286997646,2.8435871940868864,124.5812355608443,110.5439742475053,5.0335693359375
2020-12-16,124.67888641357422,125.22516505635238,123.45950912702416,124.28869163586886,98208600.0,AAPL,65.76282756839643,2.2616539863631573,2.8596127342921966,125.65175580895487,110.29482469641621,4.614105224609375
2020-12-17,125.54708862304688,126.40553503820574,124.90325381167771,125.74218602149824,94359800.0,AAPL,67.110734052742,2.5063449785150027,2.881213296891555,126.75222569100676,110.2352147997159,5.6188812255859375
2020-12-18,123.55706024169922,125.93728698989182,123.03028838222276,125.80071733474844,192541500.0,AAPL,61.16646671050052,2.510743406577575,2.7836634633102384,127.33191110469723,110.43788107059574,4.301948547363281
2020-12-21,125.0885772705078,125.16661919173606,120.4256803931854,121.95721774547523,121251600.0,AAPL,63.82226428178648,2.607749306570554,2.8143225116648023,128.02734958224417,110.80476101345896,4.370223999023423
2020-12-22,128.64920043945312,131.11721915357555,126.47382039895922,128.38581074820917,168904800.0,AAPL,69.11130062508224,2.938071454725133,3.0721363534167545,128.90645646715672,111.68448515271633,7.316291809082031
2020-12-23,127.7517318725586,129.18570593208332,127.57613379518216,128.92233114348466,88223700.0,AAPL,66.47338511436323,3.0917956286583603,3.0777102415125177,129.4358447898562,112.69541589129616,8.955131530761719
2020-12-24,128.7369842529297,130.19048741225336,127.88830238079584,128.1029139851249,54930100.0,AAPL,67.92097616341258,3.2555962895341395,3.1529631092614516,130.01858046046448,113.6676309347992,8.516151428222642
2020-12-28,133.34133911132812,133.97540930683178,130.23923574746274,130.70748731350233,124486200.0,AAPL,73.64742320625017,3.7141282912944007,3.3654817572677183,131.5859336296623,114.06103521189046,13.930152893066406
2020-12-29,131.56593322753906,135.38989879452387,131.04891842415702,134.66803693280866,121047300.0,AAPL,68.56489856153746,3.8894229424989675,3.543858554438853,132.5918769926914,114.59833525706446,12.769332885742188
2020-12-30,130.44406127929688,132.65845384374532,130.13189365568672,132.25849465785913,96452100.0,AAPL,65.48934766248442,3.8929440899647147,3.379417809215551,133.4285879324483,114.83467195524702,5.696907043457031
2020-12-31,129.43936157226562,131.43914363088683,128.49312345016165,130.79530874440758,99116600.0,AAPL,62.773681681717434,3.771191803344621,3.3306429879948305,133.9789168212298,115.2218011047956,4.760475158691406
2021-01-04,126.23968505859376,130.33678943220556,123.65460393221328,130.24899784708666,143301900.0,AAPL,54.95761830579837,3.377580440334029,3.620507619359547,134.05421614572305,115.77764954641565,0.6925964355468892
2021-01-05,127.80044555664062,128.51257236547815,125.28364991225538,125.73238714953698,97664900.0,AAPL,57.722847148495,3.155209635080652,3.72502666870511,134.16050828042387,116.52589079794527,4.243385314941406
2021-01-06,123.49853515625,127.83952293982476,123.28392355422082,124.59109992908554,155088000.0,AAPL,48.82540166544538,2.601858349622148,3.6239931894082034,134.07737921073613,116.88703805610959,-1.5900421142577983
2021-01-07,127.71270751953124,128.4053204209461,124.72767407409188,125.21542502622192,109578200.0,AAPL,55.983089663490595,2.4748435042440633,3.84835957050591,134.2197106357408,117.38268652002091,-0.9364929199218892
2021-01-08,128.81503295898438,129.38082586513295,127.03961229986528,129.1857135709603,105158200.0,AAPL,57.65163195448976,2.435061896861555,3.8922570662656346,134.13779089372952,118.46644952375097,1.0633010864257812
2021-01-11,125.82022094726562,126.98107049808904,125.35198424007667,126.0250828794601,100384500.0,AAPL,51.89596476920903,2.137241595021777,3.9319749313541092,133.88489015814585,119.27928907159048,-2.9167633056640625
2021-01-12,125.64462280273438,126.5128187263176,123.75214711009856,125.35196931372296,91951100.0,AAPL,51.570859895224416,1.8655427419365935,3.7905272754732797,133.39616515913232,120.39135772905126,-7.69671630859375
2021-01-13,127.6834487915039,128.22972749827673,125.34225008105514,125.6056248886202,88636800.0,AAPL,55.088807739765485,1.7940549132168542,3.566158385055697,132.60861250617316,122.06759522698114,-3.8824844360351562
2021-01-14,125.7519302368164,127.79072525823705,125.60559604790214,127.59562789132632,90221800.0,AAPL,51.28778890234363,1.5635196081398135,3.6072696045866786,132.5733248129565,122.20336052029543,-4.692131042480469
2021-01-15,124.02529907226562,127.02984642222248,123.88872941476652,125.62512143938795,111598500.0,AAPL,48.0932640148269,1.2273459331079977,3.657438280855335,132.6201768630168,122.09114973610427,-5.4140625
2021-01-19,124.69840240478516,125.5568487900098,123.83020635972,124.64962433562889,90757300.0,AAPL,49.41599747235465,1.0036700041745519,3.4065966648830286,132.65227718337368,121.97418079392126,-1.541282653808608
2021-01-20,128.7954864501953,129.2442237752779,125.40074474969568,125.50805053058666,104319500.0,AAPL,56.65623861377672,1.143820411006729,3.421228164892021,132.64554003373073,122.50476056441381,0.9950408935546875
2021-01-21,133.51693725585938,136.24834549078827,130.31729228736415,130.5221542310992,120150900.0,AAPL,63.194187605788436,1.6172298206745666,3.773106654358761,133.57258784641868,122.42054875026099,10.018402099609375
2021-01-22,135.66307067871094,136.423961050122,131.7122845902433,132.94141175521978,114459400.0,AAPL,65.72499117831065,2.140906185961768,3.8992249600125817,134.8938813920349,121.80064222857058,7.950363159179702
2021-01-25,139.41871643066406,141.53555356505598,133.19501014057846,139.5650506326583,157611700.0,AAPL,69.65698918471665,2.8263918177703573,4.0176790974758125,137.12551456126027,120.73570751515577,10.603683471679688
2021-01-26,139.65286254882812,140.7649341749513,137.90670572506042,140.08208578785434,98390600.0,AAPL,69.88891502706035,3.3499219396645685,3.9912009543806772,138.96839020371914,119.98441970228673,13.8326416015625
2021-01-27,138.57977294921875,140.76490217618246,136.9702010537378,139.9162055519511,140843800.0,AAPL,67.3482326166208,3.636316774346028,3.936851078440728,139.9417936240205,119.5348596657744,12.935150146484375
2021-01-28,133.7315216064453,138.51148876469895,133.35107654702082,136.1019984266858,142621100.0,AAPL,57.22613895456304,3.432505591560755,3.959844731119429,140.17690874347048,119.5163033842151,6.048072814941406
2021-01-29,128.7272491455078,133.39014746675434,127.0201206630646,132.5024370834889,177523800.0,AAPL,49.03424785316363,2.834506370653486,4.272000972413218,140.09869372238842,119.42283719191822,2.9753189086914062
2021-02-01,130.85382080078125,132.06344848329783,127.72245323542478,130.47337566526852,106239800.0,AAPL,52.16777909234068,2.503327439358742,4.334711438767886,140.17950677617074,119.48347006098747,6.828521728515625
2021-02-02,131.6829833984375,132.97063793703109,131.31228797923288,132.40484514955168,83305400.0,AAPL,53.371569164466386,2.2814728435492952,4.2887218330558,140.33963276939423,119.86767390174836,6.984580993652344
2021-02-03,130.6587371826172,132.44390758674706,130.33681974400568,132.43414304059044,89880900.0,AAPL,51.64259841897466,1.9999491989203477,4.232979720592928,140.42681107971086,120.06632475402935,1.863250732421875
2021-02-04,134.02415466308594,134.03390431979977,131.29274740103617,132.9608615673684,84183100.0,AAPL,56.615722593109986,2.02505714873368,4.317982429653476,140.56513585422917,120.98056193019468,0.5072174072265625
2021-02-05,133.60899353027344,134.25379046331454,132.72973582683255,134.18541104102158,75693800.0,AAPL,55.8526383859502,1.9885327780356192,4.202477974583907,140.82701110557528,121.30831527992278,-2.0540771484375
2021-02-08,133.75550842285156,133.8043593718813,131.81135394631426,132.89577942302134,71297200.0,AAPL,56.07763237700248,1.9489432735856838,4.221503902817996,141.08405794841394,121.54531598347081,-5.6632080078125
2021-02-09,132.87628173828125,134.70320649092713,132.71997951776038,133.47222774398102,76774200.0,AAPL,54.28955535138315,1.825577934594122,4.038461445866139,141.1054081114023,122.229571899584,-6.776580810546875
2021-02-10,132.27056884765625,133.83371027926714,131.3033734097846,133.33545130799016,73046600.0,AAPL,53.034943731619,1.6598008949970904,3.6868527193582525,141.00167027317192,122.9959043423066,-6.3092041015625
2021-02-11,132.01657104492188,133.24753491909752,130.68790523636724,132.76881929219587,64280000.0,AAPL,52.48717898395842,1.490741556120355,3.533135092419081,140.98663916620544,123.4442476746149,-1.7149505615234375
2021-02-12,132.25099182128906,132.40730890611044,130.60970715231767,131.2545039467926,60145100.0,AAPL,52.96996875224523,1.359999383250539,3.0657821159415994,140.7680555808306,124.312737418437,3.52374267578125
2021-02-16,130.1212615966797,132.8762801305052,129.7304687820516,132.36827183232106,80576300.0,AAPL,48.180054835904414,1.0721744790874084,3.0863237515532234,140.14386887921356,125.54652037249545,-0.7325592041015625
2021-02-17,127.82538604736328,129.1735950188555,126.48695621215256,128.22594304718632,97918500.0,AAPL,43.602650149597146,0.6513053567453255,3.074866913130543,139.67237459590973,126.33071302005708,-3.8575973510742188
2021-02-18,126.72142028808594,127.00473197716651,124.47441051012312,126.22316141432486,96856700.0,AAPL,41.558091564042506,0.226076663495121,2.9407439942049884,139.90022906320877,125.89545193654708,-3.93731689453125
2021-02-19,126.8777313232422,127.69838867042822,125.8323923619749,127.23921649175708,87668800.0,AAPL,41.97298410717057,-0.09718683597327527,2.594643663138746,140.05711504623702,125.07464536025715,-7.146423339843736
2021-02-22,123.09688568115234,126.73117587955426,122.70610042636343,125.06056872899146,103916400.0,AAPL,35.42248672620292,-0.6509543373648228,2.582546209496297,140.3822786158102,123.49286329092809,-10.512107849121094
2021-02-23,122.96012115478516,123.79053522480318,115.6622326225289,120.9085077307379,158273000.0,AAPL,35.208434206700645,-1.088309472041459,3.011938028498043,139.6963839270175,122.53289845213288,-10.795387268066406
2021-02-24,122.46188354492188,122.6670441651076,119.41377438375086,122.0613339874955,111039900.0,AAPL,34.393054734126835,-1.4583096920530778,3.1147422376618223,138.67827413444172,121.83191034431803,-10.414398193359375
2021-02-25,118.20233917236328,123.5463093432761,117.76271033657684,121.80732245880864,148199500.0,AAPL,28.34861294778966,-2.071369703923807,3.286773085484442,138.3231576766291,120.14928342444507,-14.068229675292969
2021-02-26,118.4661102294922,121.97339123226033,118.40748759144724,119.76546069067268,164560400.0,AAPL,29.178651599319807,-2.5070404584797643,3.44727290144266,138.48720225273007,118.45869771064885,-13.550460815429673
2021-03-01,124.8456573486328,124.98243108447949,119.96085977236709,120.89874001257697,116307900.0,AAPL,45.59451684899838,-2.310897940910067,3.7703668606869627,138.4219953815064,118.13574540218502,-7.405334472656264
2021-03-02,122.23717498779295,125.75422768741775,122.12970884679918,125.45137262840404,102260900.0,AAPL,41.37184604626034,-2.338974071987593,3.887601994076379,138.25910065007312,117.43697555231947,-7.884086608886733
2021-03-03,119.2476806640625,122.81358452353464,119.03274836980684,121.93431943503865,112966300.0,AAPL,37.127903058086424,-2.5727942452719788,3.9769233715224694,138.1458937988705,116.30665213008459,-8.577705383300781
2021-03-04,117.36213684082033,120.75218734787954,115.88693342791818,118.94481384384883,178155000.0,AAPL,34.70945889290677,-2.877080848471124,4.141610817038975,138.1967834677485,114.92610242702686,-9.35928344726561
2021-03-05,118.6224365234375,119.13045970522084,114.86114343746408,118.192579354556,153766600.0,AAPL,37.63366350049898,-2.98215806035887,4.318161853750689,137.38568930944086,114.19702477136968,-8.255294799804702
2021-03-08,113.67900848388672,118.212099986244,113.53246306756203,118.1437131191071,154376600.0,AAPL,31.64648690639062,-3.4248463399461,4.4570305757093935,136.97135716146653,112.61835841470533,-9.417877197265625
2021-03-09,118.30003356933594,119.24768556736949,116.05303097701892,116.28749919238894,129525800.0,AAPL,41.08242769515002,-3.364023516966398,4.595199982777653,135.75790233938747,112.28626575143284,-4.660087585449219
2021-03-10,117.21561431884766,119.35515074210788,116.6978194776284,118.88621431520568,111943300.0,AAPL,39.697487675753564,-3.364540236699696,4.545653963294748,134.57026685427135,111.9078344946056,-5.246269226074219
2021-03-11,119.14999389648438,120.37119341672582,118.4661251465933,119.71663226274288,103026500.0,AAPL,43.36513762020592,-3.1722932532410937,4.6377670196822365,133.20997649394485,111.9560673598149,0.9476547241210938
2021-03-12,118.24141693115234,118.37819067624436,116.41450728444738,117.62593507823824,88105100.0,AAPL,42.07082782805807,-3.0579999813471233,4.535185285050681,131.70078962595932,112.0877388164235,-0.22469329833985796
2021-03-15,121.13320922851562,121.14298091076108,117.64546402785828,118.61265932269636,92403800.0,AAPL,47.4471337535243,-2.702920682138,4.204414876524147,129.84762530372512,112.82912487938034,-3.7124481201171733
2021-03-16,122.6768035888672,124.28878824765124,121.8463895081631,122.80380564002115,115227900.0,AAPL,50.108845229010385,-2.270786402648241,4.176502894245671,128.44688053738494,113.48542384493926,0.43962860107424717
2021-03-17,121.8854751586914,122.96012916956327,119.52122739044148,121.19183477482308,111932600.0,AAPL,48.745800690243264,-1.9694676663936832,4.009024520847279,127.44136140874483,113.8969518847122,2.6377944946289062
2021-03-18,117.75293731689452,120.34188170191756,117.54777669894918,120.048790845647,121229700.0,AAPL,42.278023092440776,-2.0406087958373575,4.049499263693364,126.47332527428453,113.96813972205335,0.39080047607419033
2021-03-19,117.22537231445312,118.6321964275698,116.92251724428318,117.1374495341882,185549500.0,AAPL,41.52062265960983,-2.115176304333147,3.7061677157147446,125.2764783677743,114.19975072768469,-1.397064208984375
2021-03-22,120.54702758789062,121.0159714098922,117.48914715086832,117.55753401515928,111912300.0,AAPL,47.85477738341997,-1.8845182187569662,3.718030591059066,124.93676191693017,114.28448136920265,6.868019104003906
2021-03-23,119.71661376953124,121.37744187905922,119.32582849269843,120.48841264153351,95467100.0,AAPL,46.49880024547551,-1.748571040710189,3.594514679104279,124.53740188735094,114.35949066025648,1.4165802001952983
2021-03-24,117.32305908203124,120.06832025902024,117.30352317223472,119.99016171261567,88530500.0,AAPL,42.73963555915626,-1.81307181884209,3.4444820481631475,124.15726294710558,114.22574715421277,0.10744476318357954
2021-03-25,117.8115463256836,118.85690017985242,116.25818424833348,116.7857432897759,98844700.0,AAPL,43.73928880039692,-1.8039771860461826,3.3251534527175886,124.1571491520638,114.18678166458659,-1.3384475708007812
2021-03-26,118.41724395751952,118.681027160581,116.18000611307438,117.57705830576778,94071200.0,AAPL,45.02096902527946,-1.7279758571160926,3.140228280691242,124.1562101443171,114.18283404513602,0.1758270263671733
2021-03-29,118.5931167602539,119.7557009862055,117.94832734627744,118.8471283250857,80819200.0,AAPL,45.409849599133686,-1.6347088845781883,2.871563749008762,123.06909645480917,114.64469367580605,-2.5400924682617188
2021-03-30,117.13743591308594,117.62591562293731,116.12139722216196,117.34259649679043,85671900.0,AAPL,42.716650117805905,-1.6591299977817897,2.8583057685525097,122.56243500587782,114.64138121726673,-5.539367675781264
2021-03-31,119.33562469482422,120.67405466695806,118.3586650288062,118.8471448618152,118323800.0,AAPL,47.75561765439448,-1.484001793369245,2.885522886837793,122.57004502015789,114.64256560606282,-2.5498504638671875
2021-04-01,120.166015625,121.31882810556309,119.66776420491011,120.81081245730564,75089100.0,AAPL,49.560649755235545,-1.2636393733354936,2.831788372459355,122.72327415476894,114.76972434986973,2.413078308105483
2021-04-05,122.99921417236328,123.253225753395,120.23441673703898,121.0159873923934,88651200.0,AAPL,55.24250539731447,-0.8505801644215296,2.8024807471373694,123.37184987055034,114.55882639898093,5.773841857910156
2021-04-06,123.30206298828124,124.20086397868832,122.75496802953084,123.58538215009408,80171300.0,AAPL,55.81546571802227,-0.4931061759465365,2.6803605278532165,123.51081923322583,115.38216248674486,2.755035400390611
2021-04-07,124.953125,124.97266091095268,122.2567146183403,122.93081907715764,83466700.0,AAPL,58.904185831260655,-0.07570586864585493,2.6287208502454016,124.48657759107026,115.07171327196686,5.236511230468764
2021-04-08,127.35645294189452,127.38576053706136,125.55885087130036,125.9789363401719,88844600.0,AAPL,62.96282516580117,0.44389837738069104,2.492644927196768,125.92368727966384,114.64868744567796,10.033393859863281
2021-04-09,129.93560791015625,129.97467972929903,126.48694221609573,126.8093406260924,106686700.0,AAPL,66.75711626418098,1.0516816060391108,2.619649093619389,127.88857581932277,113.76236030738622,12.124061584472656
2021-04-12,128.21617126464844,129.789076669653,127.62022536816302,129.4666782429754,91420000.0,AAPL,62.18348372878393,1.3787170344798199,2.514276482658971,129.00104683024887,113.64736472980972,9.79892730712892
2021-04-13,131.33265686035156,131.5573682758643,128.89025813953373,129.38851701920058,91266500.0,AAPL,66.6441464612534,1.8678380355139126,2.6063895987200474,130.71783728407604,112.95051903916617,12.739540100097656
2021-04-14,128.98797607421875,131.88954730756276,128.62650578894565,131.83093211613695,87222800.0,AAPL,60.830574268747874,2.042726528763481,2.6419784867080187,131.59032563043084,112.70914794134653,11.850540161132812
2021-04-15,131.4010467529297,131.88952648063574,130.56086102498654,130.7367214787142,89347100.0,AAPL,64.28374445536754,2.348964159910153,2.663609520629308,132.92964847590827,112.3213822552929,12.065422058105469
2021-04-16,131.0688934326172,131.56713742369558,130.2091642804324,131.20566716980846,84922400.0,AAPL,63.45449271086661,2.5356285444028828,2.581963241754778,133.98331596702323,112.5993103757502,10.902877807617188
2021-04-19,131.73321533203125,132.34870458701317,130.2677760828126,130.43385740885776,94264200.0,AAPL,64.44245783948816,2.7059738570566765,2.6015028749171014,134.94191601393962,113.09149463059163,8.734001159667969
2021-04-20,130.04306030273438,132.4073001522847,128.7730101601583,131.9090562479768,94812300.0,AAPL,59.99839767720609,2.6737707936129453,2.684543621633849,135.60556297092853,113.37745094508709,6.740997314453139
2021-04-21,130.42408752441406,130.668327388692,128.27477970021195,129.31035433959545,68847100.0,AAPL,60.65709873649611,2.648465484739887,2.6028956883915586,136.20386877721944,113.84989251428448,5.4709625244140625
2021-04-22,128.90005493164062,131.0591273485487,128.38226752447872,129.97470157167325,84566500.0,AAPL,56.6396143660991,2.476882195632456,2.6524425750580676,136.29113931152872,114.92032156493612,1.543601989746108
2021-04-23,131.22518920898438,132.0067447760847,129.1149534004929,129.1149534004929,78657500.0,AAPL,60.89503884839911,2.499705063092719,2.6538339833472873,136.57897274839056,115.97385241640437,1.289581298828125
2021-04-26,131.615966796875,131.94812940312053,130.48269035616056,131.72343292327406,66905100.0,AAPL,61.57753663859086,2.5202727005859913,2.6552299189046087,136.800820187056,117.07187726167447,3.3997955322265625
2021-04-27,131.29356384277344,132.29006653400396,131.0200164227833,131.8992738574349,66015800.0,AAPL,60.63724430529327,2.4819471358949983,2.5519516202337704,136.788320831476,118.35442132550642,-0.039093017578125
2021-04-28,130.50225830078125,131.9090824360274,130.0137785264441,131.215434597292,107760100.0,AAPL,58.28476656113236,2.3605115974067132,2.513570789699624,136.1111458016669,120.36807859408502,1.5142822265625
2021-04-29,130.40455627441406,133.91185238072063,129.3982891326952,133.3256706891164,151101000.0,AAPL,57.98564302111913,2.230675482842102,2.5868440564726334,135.49882806265876,122.08728949105219,-0.996490478515625
2021-04-30,128.43109130859375,130.4826971366181,128.0500777328737,128.74371056977083,109839500.0,AAPL,52.16241551340449,1.9461038233560402,2.595218118026289,134.55488730960312,123.8577378124672,-2.6378021240234375
2021-05-03,129.48622131347656,130.9809832448479,128.7925883321888,128.99774150408825,75135100.0,AAPL,54.77734835685466,1.7851409130558409,2.5386963269575955,134.01057508042146,125.05075075576018,-2.2469940185546875
2021-05-04,124.90428161621094,128.4604213676209,123.7807766012576,128.16733051029044,137564700.0,AAPL,43.62523538825232,1.2731760255680342,2.713153697929156,133.65813174800041,125.56341595097423,-5.1387786865234375
2021-05-05,125.14852905273438,127.44437513776316,125.02151953611882,126.22317565406054,84000900.0,AAPL,44.276503542393975,0.8770389317253944,2.6873353490102443,133.62123557096618,125.61985253328186,-5.2755584716796875
2021-05-06,126.75074768066406,126.7605119103582,124.2008749981171,124.9433664034469,78128300.0,AAPL,48.48104457846853,0.6844926783020497,2.7731684753658095,133.67147529249544,125.50904228562953,-2.1493072509765625
2021-05-07,127.42595672607422,128.45349448946405,126.71155427190784,128.05227214213332,78973300.0,AAPL,50.18683446812158,0.5796996950167426,2.748955026319782,133.65417585155072,125.27537660816607,-3.7992324829101562
2021-05-10,124.1378173828125,126.77029738873344,124.09867172726176,126.6430870741667,88071200.0,AAPL,42.76161592031074,0.228688952011467,2.7270260982259282,134.05895917605986,124.46275789547335,-7.4781494140625
2021-05-11,123.2179183959961,123.57021435708376,120.14504795375876,120.859443088754,126142800.0,AAPL,40.93684473894676,-0.12230786213484635,2.84125622255262,134.25074819537477,123.45949502972289,-8.075645446777344
2021-05-12,120.1450424194336,121.97506250134133,119.63616386239649,120.76157712204518,112172300.0,AAPL,35.48885949320254,-0.641041251836981,2.905891558947592,135.06561492833436,121.76033493128476,-10.357215881347656
2021-05-13,122.29800415039062,123.45277474181432,121.60318563289488,121.91634337974185,105861300.0,AAPL,41.37561277607378,-0.8684047523895089,2.9202517359430678,134.98475917179582,120.93088642756943,-8.106552124023438
2021-05-14,124.72498321533205,125.15557794607484,123.15919437572654,123.55064345219544,81918000.0,AAPL,47.22225293636045,-0.8430370310904465,3.0196899322805137,134.64896738280996,120.63228719482676,-3.7061080932617045
2021-05-17,123.57020568847656,124.21609774874598,122.49372638763056,124.10844907203442,74244600.0,AAPL,44.9263870240983,-0.9056737811484226,3.0883475548862873,134.1878573885775,120.27709622470374,-5.916015625
2021-05-18,122.18058013916016,124.2748241929868,122.11207710810116,123.85401772611864,63342900.0,AAPL,42.26351911857692,-1.055280409416838,3.107450638836454,134.0112807646408,119.66742483228305,-2.7237014770507812
2021-05-19,122.02400207519533,122.24908025776814,120.2331275635426,120.52671624181264,92612000.0,AAPL,41.96171913370768,-1.1729581499500483,2.929049884993605,133.690529184886,119.14816786711594,-3.1245269775390483
2021-05-20,124.58798217773438,124.98921955050378,122.42523508929489,122.55246033737806,76857100.0,AAPL,48.45293318103509,-1.047254740194333,2.9670926043910364,133.42072958722417,118.98676018938716,-2.1627655029296875
2021-05-21,122.74818420410156,125.2632347914988,122.53288682470038,125.08708306892244,79295400.0,AAPL,44.59840776800655,-1.0835991465137482,2.979982320858485,132.74652396076706,118.81326531535596,-4.677772521972656
2021-05-24,124.3824691772461,125.20451299175396,123.24727505830784,123.31577808732766,63092900.0,AAPL,48.51638752435229,-0.9693550892594516,2.7479026119608725,131.8387956429563,118.99764387120383,0.24465179443359375
2021-05-25,124.18675231933594,125.57639697063634,123.619151508683,125.0870800054452,72009500.0,AAPL,48.077886672445004,-0.8844135961526547,2.7062706077038094,130.87184738856325,119.25391097325314,0.9688339233398438
2021-05-26,124.1378173828125,124.66627253334184,123.71701091848011,124.24546606900942,56575900.0,AAPL,47.961166156886534,-0.8116888475306467,2.5912438007481393,129.96663738027095,119.52267688974858,3.9927749633789062
2021-05-27,122.60139465332033,124.91093623243154,122.40567382781092,123.73659634683337,94625600.0,AAPL,44.32280781860236,-0.8680243893101505,2.6457668141098836,128.92080052225072,119.78819758565945,0.3033905029297017
2021-05-28,121.9457015991211,123.11026047811283,121.88698685438862,122.88517484618892,71311100.0,AAPL,42.829553345789954,-0.9545759048363607,2.4954802873178656,128.2883105547227,119.77214858224019,-2.7792816162109517
2021-06-01,121.62277221679688,122.66989428337132,121.29004532941372,122.40567042964182,67637100.0,AAPL,42.077670953346,-1.0372693118319205,2.308843110525285,127.16319316498324,120.11092106231168,-1.9474334716796875
2021-06-02,122.3860855102539,122.56223722280126,121.39768573021556,121.6227639113054,59278900.0,AAPL,44.55535499629833,-1.0293457718309327,2.136185750452863,127.02658019569269,119.99571442100653,0.20550537109375
2021-06-03,120.8985824584961,122.18057085645934,120.49734511687012,122.01420743170851,76229200.0,AAPL,40.885034423360956,-1.1300686460805736,2.0348291840959383,126.90983577734887,119.68746417992652,-1.125419616699233
2021-06-04,123.19833374023438,123.46256502652562,121.20195027180942,121.41724762618904,75169300.0,AAPL,48.01503454155002,-1.0126483610254695,2.0138583821206035,126.34610377962169,119.89595478361075,-1.3896484375
2021-06-07,123.20813751220705,123.61915571337562,122.16101544755143,123.47236136545236,71057600.0,AAPL,48.043803653787535,-0.9083301916537039,1.9586357705579391,125.42288221030579,120.39739443153992,0.45995330810548296
2021-06-08,124.03016662597656,125.71339992147556,123.51149976456148,123.89316056697146,74403800.0,AAPL,50.51659221273634,-0.7506731189203748,1.9831011508710017,125.40686549903111,120.402646067131,-0.35230255126953125
2021-06-09,124.4118194580078,125.01856587063828,123.81486132504212,124.49011076278654,56877900.0,AAPL,51.66676081637742,-0.5881527007601903,1.9250834259689031,125.5534773553871,120.37542431697618,0.2250671386718608
2021-06-10,123.41364288330078,125.4491721984384,123.24727944494148,124.30418229225444,71186400.0,AAPL,48.492105929624636,-0.5337459152750341,1.870560231553794,125.35489440040185,120.90086731834815,-0.7241744995117188
2021-06-11,124.62712097167967,124.71520055906232,123.40384729220447,123.82465373659475,53522400.0,AAPL,52.32711151402198,-0.3882352709897674,1.7692034672723247,125.53140954973713,120.95726385114176,2.0257263183593466
2021-06-14,127.690185546875,127.74890028967124,124.35309909386277,125.08706324389333,96906500.0,AAPL,60.35174463538227,-0.025459839742254076,1.836308639283473,126.36543781708141,120.41975581695178,5.744483947753906
2021-06-15,126.8681640625,127.8076448543036,126.62350931732142,127.1617527432224,62746300.0,AAPL,57.55195439713785,0.19348170267807063,1.7810865017855337,126.91304531255807,120.20194415887747,5.245391845703125
2021-06-16,127.36725616455078,128.09143959621477,125.71340260713602,127.58255353794978,91815000.0,AAPL,58.80163173315841,0.4026257944509979,1.8831418856581783,127.50912425357646,120.12453282039814,4.981170654296875
2021-06-17,128.97216796875,129.71592783022342,126.87792428717148,127.02472606998036,96721700.0,AAPL,62.61327919845019,0.6899239499419707,1.9069091098318438,128.41199596472626,119.91647769860381,8.073585510253906
2021-06-18,127.67066955566406,128.69820778695978,127.45537213342926,127.91532435979052,108953300.0,AAPL,57.932360574748664,0.8033294809785616,1.9278749820887384,128.84540778454667,119.7913346165764,4.4723358154296875
2021-06-21,129.47129821777344,129.57894690634825,126.44736905581904,127.51406019462506,79663300.0,AAPL,62.14848228047328,1.026665109611642,2.052998474700996,129.6634440579785,119.64560974451173,6.263160705566392
2021-06-22,131.1153564453125,131.21322430863012,128.80581523688718,129.30492043425184,74783600.0,AAPL,65.54401119655458,1.3210932230211654,2.1417740160693697,130.76909034167957,119.21325218761731,7.0851898193359375
2021-06-23,130.84132385253906,131.44807763149754,130.38137184556248,130.90983433263804,60214200.0,AAPL,64.5053131107218,1.5148551765763898,2.0830572583944607,131.64743460291518,119.00036507970198,6.429504394531264
2021-06-24,130.55755615234375,131.76125326543314,130.08780831049526,131.57531327793558,68711000.0,AAPL,63.385129735902964,1.6267629284735534,2.019447428887914,132.35485424266275,118.93491931690755,7.143913269042969
2021-06-25,130.2639617919922,131.0272833359651,129.9703731368012,130.60648437847152,70783700.0,AAPL,62.181958437783045,1.672480700462117,1.990788138412181,132.87982494470648,119.17620532873103,5.636840820312514
2021-06-28,131.89828491210938,132.35823709699443,130.49886672631996,130.55758148480862,62111300.0,AAPL,66.04571350253562,1.8196132128788918,1.961431916678876,133.571983426518,119.47930517821833,4.208099365234375
2021-06-29,133.41514587402344,133.57172851639115,131.47748420548675,131.9178598211711,64556100.0,AAPL,69.19179179693417,2.0351547940660453,2.0250418999151782,134.40354954863895,119.82697642182002,6.5469818115234375
2021-06-30,134.03167724609375,134.47205285044467,132.96497108839114,133.2585598021392,63261400.0,AAPL,70.39258839374901,2.2300157458272167,1.9754125433835077,135.25095241461594,120.14413272942703,6.664421081542969
2021-07-01,134.33502197265625,134.39373671805686,132.85729786155665,133.67934909478365,52485800.0,AAPL,70.99167770632594,2.3814697375501908,1.9914900855008193,135.76509418350582,120.97363491195317,5.36285400390625
2021-07-02,136.967529296875,137.00666748869628,134.80477461834224,134.95156150334915,78852600.0,AAPL,75.60496408088676,2.682991600375658,1.9397646798030732,136.97209152432373,121.1435571267993,9.296859741210938
2021-07-06,138.98345947265625,140.08928866847637,137.07515561633554,137.07515561633554,108181800.0,AAPL,78.43347901444773,3.049466218031995,2.0781663822758722,138.42288060738716,121.27030023978084,9.512161254882812
2021-07-07,141.47894287109375,141.79209315711816,139.60977717070656,140.47095165667832,104911600.0,AAPL,81.32070845421745,3.500908355181906,2.1089232890889553,140.29568315430663,121.14237531737307,10.36358642578125
2021-07-08,140.17735290527344,140.97981250264303,137.6622955899947,138.55284222219714,105575500.0,AAPL,75.63325096541237,3.7108754071834085,2.1788264132351776,141.48501596625655,121.5295958501497,9.336029052734375
2021-07-09,142.00741577148438,142.5358635061349,139.60000625630684,139.6978741376513,99890800.0,AAPL,77.96657727065877,3.9790782502762454,2.2801879428428427,142.70029987822133,122.17368922700328,11.449859619140625
2021-07-12,141.4104461669922,143.19153992301273,140.92113666468427,143.08389123520334,76299700.0,AAPL,75.42918170421311,4.096241554902008,2.21867547197136,143.59515740044534,122.95716422431049,11.146484375
2021-07-13,142.52606201171875,144.30715565248005,140.55904331544653,140.95048491894528,100827100.0,AAPL,76.93958839389637,4.230350347508335,2.3144399909206874,144.770094410747,123.26581486049328,10.627777099609375
2021-07-14,145.96099853515625,146.37203160132475,144.5224276011833,144.9334606673518,127050800.0,AAPL,80.84409140221774,4.561224248456909,2.512958834040041,146.4197784737356,123.52541424477025,12.545852661132812
2021-07-15,145.30531311035156,146.79281784563116,143.94503359561688,146.04907294426016,106820300.0,AAPL,78.12484009578905,4.71617078370619,2.5968402122597842,147.6147382317093,124.12426018137664,11.273635864257812
2021-07-16,143.260009765625,146.55795044061162,142.7609195385989,145.28575790907,93251400.0,AAPL,70.1935284112161,4.620664004237227,2.7925631196061267,148.3007696826368,124.86701291013665,8.92498779296875
2021-07-19,139.40426635742188,140.98963920959875,138.64094477148268,140.67647397816722,121434600.0,AAPL,58.198466437118014,4.185598944976249,2.9729052402589895,148.16080617827558,126.18033609467368,2.436737060546875
2021-07-20,143.02516174316406,143.95486174482718,139.90337965759247,140.3926891605558,96350000.0,AAPL,64.35814751688551,4.085883229090513,3.148358888580483,148.50602236348567,127.19050626200261,4.0417022705078125
2021-07-21,142.29119873046875,143.00560136245917,141.53767284075886,142.4184239807626,74993500.0,AAPL,62.35246351899084,3.902645852622129,3.1469593986056026,148.7455865782926,128.0685262757113,0.812255859375
2021-07-22,143.6612548828125,145.03131534477524,142.69241681379228,142.81964204688137,77338200.0,AAPL,64.57196248260524,3.823901437597442,3.2329363813060508,148.99373162189113,129.1023743351401,3.4839019775390625
2021-07-23,145.3836212158203,145.540203823437,143.77868681909763,144.39522150375126,71447400.0,AAPL,67.19067331951601,3.856026615494983,3.1763151973477983,149.26968229468238,130.30903016869652,3.3762054443359375
2021-07-26,145.804443359375,146.6264796970787,144.54201654625697,145.09983651776034,72434100.0,AAPL,67.81660939921719,3.870822448769559,3.1022226101492527,149.2755596332021,131.8572009869151,4.3939971923828125
2021-07-27,143.6319122314453,146.01974493776575,142.43799587828508,145.93165788061674,104818600.0,AAPL,61.31323163622767,3.6649953626538547,3.1574451369363072,148.93515013772728,133.37097321432353,1.1058502197265625
2021-07-28,141.88015747070312,143.82761436860707,139.49232507438956,141.71379405719455,118931200.0,AAPL,56.60007475494432,3.322227375664653,3.194490995016198,148.45472677928743,134.6978977324313,-4.080841064453125
2021-07-29,142.52606201171875,143.4166088320994,141.48872832316107,141.5963770040042,56699500.0,AAPL,57.88556384198985,3.067341966045717,3.122492656381218,147.89674918595296,136.10531380232828,-2.7792510986328125
2021-07-30,142.74134826660156,143.2013003278204,141.0287652526068,141.29299652730543,70440600.0,AAPL,58.32861108344909,2.8498637883458002,3.115502071873014,147.08598779798007,137.7567078196957,-0.5186614990234375
2021-08-02,142.40863037109375,143.8080482684257,142.14439907981702,143.23066668557712,62880000.0,AAPL,57.324904149482364,2.6204562239723543,2.966611846985525,146.59023993114823,138.7965657939494,3.004364013671875
2021-08-03,144.20925903320312,144.8747126129823,142.07586240162897,142.69239699012917,64786600.0,AAPL,61.214686303710565,2.554498097022133,2.8918176056817635,146.48796482447003,139.42142085668232,1.1840972900390625
2021-08-04,143.8080291748047,144.630065380145,143.15235637298292,144.1211943573369,56368300.0,AAPL,59.90440866688092,2.4417034721373625,2.7939550883351774,146.5527730496641,139.58952126185932,1.5168304443359375
2021-08-05,143.9156951904297,144.67901674920688,143.044724953746,143.83740388535773,46397700.0,AAPL,60.15089697903306,2.334094676426929,2.6394737235814745,146.4770415733139,140.03908696672516,0.2544403076171875
2021-08-06,143.22962951660156,144.18031321751994,142.72979152170154,143.43545395856697,54126800.0,AAPL,57.716069533095926,2.168457535705386,2.413149202272623,146.4841349960093,140.15421491854147,-2.15399169921875
2021-08-09,143.1806640625,143.77851671947906,142.62202319396428,143.2884740483459,48908700.0,AAPL,57.537057383854744,2.0100670042065474,2.1707133549947275,146.44430007899064,140.37107162511091,-2.623779296875
2021-08-10,142.7003936767578,144.7683737944324,142.4063651616791,143.52366155504902,69023100.0,AAPL,55.711842565303336,1.8247529444350619,2.2331790500195905,146.4433465387065,140.38945833189896,-0.9315185546875
2021-08-11,142.95521545410156,143.79808925109194,142.63178557160285,143.14143401871405,48493500.0,AAPL,56.500317410925675,1.6790966240667728,2.1207638403897766,146.0498004573413,140.4824261051587,1.0750579833984375
2021-08-12,145.92486572265625,146.08168292330208,142.93560326308238,143.27863902013124,72282600.0,AAPL,64.44466824073112,1.7827385982034798,2.2112731775037195,146.1880488382571,140.4061329854734,3.3988037109375
2021-08-13,146.1306915283203,146.46391686661144,145.31721911667208,146.00327568224543,59375000.0,AAPL,64.92283134140479,1.8600426182985643,2.14428993458355,146.59672705894727,140.28452294105276,3.38934326171875
2021-08-16,148.1104736328125,148.17908677655805,143.55308334263998,145.58185197110114,103296000.0,AAPL,69.2118433736727,2.0573427151040846,2.2188795327576503,147.08906791911664,140.66280280842244,5.70184326171875
2021-08-17,147.19898986816406,148.6593071585842,146.12089023001082,147.23818669368217,92229700.0,AAPL,65.25573958938122,2.115766106417311,2.090531506640212,147.59364919533243,140.57560434470662,2.9897308349609375
2021-08-18,143.44528198242188,147.7184543955626,143.23945749374153,146.81677773378797,86326000.0,AAPL,52.05869326097747,1.8379870391372322,2.2727541061318357,147.564046861894,140.72061500334038,-0.3627471923828125
2021-08-19,143.77847290039062,145.05258644801074,141.622288795524,142.14173267222196,86960300.0,AAPL,52.9679146136574,1.6259874780106145,2.3625942902227735,147.56683841170752,140.72954525528468,-0.1372222900390625
2021-08-20,145.2388458251953,145.5426698813194,143.85692193613244,144.50378183589572,60549600.0,AAPL,56.832247230169045,1.557858169385696,2.369776275388495,147.54918237432892,140.73272375360077,2.00921630859375
2021-08-23,146.72853088378906,147.19896749305934,144.94476901815275,145.356402920628,60131800.0,AAPL,60.406003859725224,1.6055624118108653,2.3308725799280126,147.7133538560422,140.6609610243289,3.5478668212890625
2021-08-24,146.64035034179688,147.85566143575133,146.17970907783348,146.47373764386114,48606400.0,AAPL,60.08888456937799,1.6176061777479163,2.345032819267711,148.01737092168585,140.6577877697204,3.9399566650390625
2021-08-25,145.40542602539062,147.32639940143548,144.85658076220977,146.8265464293222,58991300.0,AAPL,55.68032627241392,1.5100954371847024,2.404713308108055,148.0321890369736,140.9954965099014,2.4502105712890625
2021-08-26,144.6017608642578,146.15029724311051,144.57235950525344,145.39564242211458,48597200.0,AAPL,52.957324257532655,1.3445442693347331,2.413814453967961,148.00926271972833,141.22599271240057,-1.3231048583984375
2021-08-27,145.64065551757812,145.7876623043235,143.90590065942186,144.54295000853472,55802400.0,AAPL,55.95589974364743,1.2823912837418163,2.4656193196384515,148.0631833025226,141.462002854704,-0.4900360107421875
2021-08-30,150.07064819335938,150.43328990399013,145.6504691143869,146.0327017624141,90956700.0,AAPL,65.9288906841274,1.57247150809755,2.6392354448997883,149.02397324067957,141.26741469877354,1.960174560546875
2021-08-31,148.80633544921875,149.7570192751645,148.27708107451022,149.61980794744622,86453100.0,AAPL,61.639154855744565,1.6809655788368616,2.68403997628265,149.55347772528913,141.19761785576557,1.6073455810546875
2021-09-01,149.47280883789062,151.89362080818393,149.3061961257748,149.7864433229901,80313700.0,AAPL,63.00563503798846,1.7999777213461812,2.679840383335898,150.14590670596942,141.17166684139386,6.02752685546875
2021-09-02,150.59007263183594,151.63877088807703,149.36496623243957,150.80569255452266,71115500.0,AAPL,65.24095937853926,1.961834742813835,2.760348019457191,150.90627815612794,141.07873313537596,6.8115997314453125
2021-09-03,151.22715759277344,151.55058752098978,150.0412478559802,150.69790318117794,57808700.0,AAPL,66.48454695893298,2.1171103007585543,2.5377291788208702,151.6491488181656,141.1356152809555,5.988311767578125
2021-09-07,153.56956481933594,154.12820565202878,151.31536568577172,151.8838169424037,82278300.0,AAPL,70.64332036313358,2.4014970231959296,2.5636314024410103,152.842300437078,140.9813537377267,6.841033935546875
2021-09-08,152.02096557617188,153.91252220677396,150.91346488172934,153.85371950705283,74420200.0,AAPL,64.90894593319783,2.473404663563173,2.457921432671264,153.37931890600342,141.37639245874269,5.380615234375
2021-09-09,151.001708984375,153.0010758817522,150.88408861047455,152.3934279437582,57305700.0,AAPL,61.377494261086035,2.4202473925558365,2.364113548299187,153.60966399000236,141.9506967277711,5.596282958984375
2021-09-10,146.00328063964844,152.38362934848664,145.73865347147373,151.9131926811076,140893200.0,AAPL,47.67807766616471,1.952283766488648,2.712740612305197,153.60843390942142,141.95976830005122,1.401519775390625
2021-09-13,146.57174682617188,148.4045013917985,145.78767566355324,147.63024065247,102404300.0,AAPL,49.0703352290053,1.60874507984542,2.738642558972245,153.6074216643587,142.0048860748991,0.93109130859375
2021-09-14,145.17022705078125,148.06149059395435,143.98433223540383,147.35582799517005,109296300.0,AAPL,45.83226342095837,1.2094554135855446,2.9101572733031498,153.57581041667186,141.74247266438283,-4.900421142578125
2021-09-15,146.06210327148438,146.4639418122294,143.45507292336683,145.6014620086623,83281300.0,AAPL,48.17589478405161,0.9539854828273633,2.9486608625629254,153.5592882635254,141.64530615786134,-2.744232177734375
2021-09-16,145.8268585205078,146.0032816187781,144.28813265765052,145.48383770122956,68034100.0,AAPL,47.59100567460063,0.724193386197328,2.9626632108469813,153.41800639913436,142.02474567606095,-3.6459503173828125
2021-09-17,143.15126037597656,145.85630544788768,142.85723178708423,145.85630544788768,129868800.0,AAPL,41.43009018379321,0.3224658985479607,3.0424712119828246,153.48411204855537,141.89591877419852,-7.438812255859375
2021-09-20,140.09336853027344,141.95552426414204,138.4566281851567,140.93624232616293,123478900.0,AAPL,35.73613700156832,-0.23988707688636168,3.035471055154815,154.07933790410112,140.7861451891606,-11.1337890625
2021-09-21,140.57359313964844,141.72030582149347,139.93654383187783,141.0636356702139,75834000.0,AAPL,37.1959349287095,-0.6394347431952099,3.0347706887809927,154.44475517018165,139.80523414866602,-12.9959716796875
2021-09-22,142.9454345703125,143.5138708346114,140.83824238540038,141.5733062965506,76404300.0,AAPL,43.96614770264024,-0.7559769346583209,3.0242701413522632,154.4942783774528,139.38621936424644,-9.075531005859375
2021-09-23,143.9059295654297,144.15095089583022,142.73962563993675,143.72950643098542,64838200.0,AAPL,46.48212967278262,-0.7620491142892263,2.962664469941978,154.51263281425793,139.2179152814452,-7.0957794189453125
2021-09-24,143.99412536621094,144.53317525304487,142.66120880736443,142.75922331584852,53477900.0,AAPL,46.71870491912329,-0.7510866371366944,2.98856638284704,154.52482414945246,139.14496039644598,-2.0091552734375
2021-09-27,142.47499084472656,143.05325251947903,140.9558706409002,142.57300535364445,74150700.0,AAPL,43.17817876703978,-0.8551229301169485,2.9983668589938537,154.59690894929648,138.7563091293168,-4.0967559814453125
2021-09-28,139.08392333984375,141.86736229940516,138.86830335446342,140.39723419267557,108972300.0,AAPL,36.52418446628546,-1.1974003631249843,3.0417690136523197,154.5636218929504,137.6909237003113,-6.0863037109375
2021-09-29,139.9855499267578,141.5732829271844,139.20147889330738,139.63271870945067,74602000.0,AAPL,39.20673866055355,-1.379996226917342,3.0683670362282487,154.44883352048714,136.92363352052848,-6.0765533447265625
2021-09-30,138.68203735351562,141.50468713963937,138.46641744180278,140.79902469310844,89056700.0,AAPL,36.78627154912637,-1.6113131206096796,2.8107451662870835,154.24983006798576,136.0435598245924,-7.1448211669921875
2021-10-01,139.8091583251953,140.0737855364966,136.3396630361158,139.07409436984747,94639600.0,AAPL,40.222755719288344,-1.6842689783758544,2.8905520785824774,153.63003202800263,135.58526643391144,-3.34210205078125
2021-10-04,136.3690643310547,139.37793329849515,135.516394928842,138.93688296157117,98322000.0,AAPL,34.12511863206396,-1.9966576302508372,2.9059524384255337,153.03775248044929,134.6917366552929,-3.72430419921875
2021-10-05,138.29981994628906,139.40732098204438,136.5846708862709,136.71208674487298,80861100.0,AAPL,39.65449740711502,-2.0646322499604253,2.9080515642917573,151.370553059347,134.8319615890905,-2.273773193359375
2021-10-06,139.172119140625,139.31912596056787,135.61440454885152,136.69250441148458,83221100.0,AAPL,42.022272940278825,-2.02477502482904,3.0459623355690786,149.74879710646815,135.16883289841468,-3.7733154296875
2021-10-07,140.43641662597656,141.34790373522625,139.87777577926832,140.2110011934392,61732700.0,AAPL,45.36815024703954,-1.8696178550276557,2.9871559736974933,148.0514554275349,135.8096453415081,-3.469512939453125
2021-10-08,140.05416870117188,141.308676557224,139.72094332329533,141.1616697596059,58773200.0,AAPL,44.531400243640824,-1.7572424954237533,2.765234619633836,147.49331039238456,135.77287918281075,-3.9399566650390625
2021-10-11,139.9659423828125,141.92611246579827,138.98585734131962,139.43670304056715,64452200.0,AAPL,44.32818219531108,-1.6562115639174806,2.847841272124051,146.718811708097,135.88679742276236,-2.5090484619140625
2021-10-12,138.69187927246094,140.39723324856945,138.2312379390566,140.37762735323497,73035900.0,AAPL,41.39069418309389,-1.6598167339173244,2.7925353874490435,146.19210737970712,135.7656669733202,-0.3920440673828125
2021-10-13,138.1038055419922,138.58403770640166,136.4278533132654,138.42723544419957,78762700.0,AAPL,40.07076880931085,-1.6906378714313348,2.853442580542049,145.35710134614172,135.8048432339364,-1.881744384765625
2021-10-14,140.89703369140625,141.01465407700306,138.69184213659864,139.2798991998456,69907100.0,AAPL,48.47543243664356,-1.472697339086693,2.927648444065651,144.43119617521725,136.23776592195074,2.214996337890625
2021-10-15,141.95553588867188,142.014338607517,140.65202078625612,140.90685250780268,67940300.0,AAPL,51.26473119407797,-1.2007244123785483,2.8079386652049476,144.23081441688717,136.31857523155034,2.1463775634765625
2021-10-18,143.63148498535156,143.91570310514462,140.3089968495944,140.59321496938745,85589200.0,AAPL,55.38317446572167,-0.8402627964204612,2.8079400055825965,144.680596749275,136.2226045446703,7.262420654296875
2021-10-19,145.7974853515625,146.1993239178965,143.63150519092176,144.08233605883038,76378900.0,AAPL,60.07862818537461,-0.3754878510413846,2.8135456730971873,145.5718635410659,135.8537269740708,7.4976654052734375
2021-10-20,146.2875213623047,146.76776852622643,145.17022475769727,145.73867600634514,58418800.0,AAPL,61.07665723217928,0.0320223189990827,2.710636678146656,146.26378397866478,135.49601521567115,7.1154022216796875
2021-10-21,146.5031280517578,146.65994526923677,144.92519031879408,145.84647277784177,61421000.0,AAPL,61.53232943026544,0.3681311360640791,2.567824710293936,146.81014192799077,135.20937711497797,6.06671142578125
2021-10-22,145.72889709472656,147.1892147352683,145.67988983489477,146.7089824716984,58883400.0,AAPL,58.86725601027493,0.5655070145590742,2.36900767486681,147.131909742337,135.0610864734833,5.6747283935546875
2021-10-25,145.67984008789062,146.39529798138776,144.68014915737908,145.71903690942145,50720600.0,AAPL,58.6937904845842,0.7097883317570108,2.2744999729395943,147.60816226142896,134.90531887870776,5.713897705078125
2021-10-26,146.34632873535156,147.83604746665293,146.042489762277,146.35612420354883,60893400.0,AAPL,60.40104964445607,0.8679076794245759,2.163891827728591,148.2715451457661,134.96817653392137,7.654449462890625
2021-10-27,145.8856964111328,146.74816126750608,145.53286512059833,146.38553450817577,56094900.0,AAPL,58.5983803631212,0.94515407490249,2.095285510036198,148.78124833407085,135.04848799405417,7.781890869140625
2021-10-28,149.53160095214844,150.1196430787896,146.73835224713616,146.83636674569945,100077900.0,AAPL,66.99472866541637,1.2857451563989457,2.284300755302492,149.93541055786375,134.97928213012455,8.634567260742188
2021-10-29,146.8167724609375,146.953983796825,143.49428408381266,144.2881507382271,124953200.0,AAPL,57.62353709620703,1.3213701393961514,2.5055194512922867,150.41884391093015,135.19661019063233,4.861236572265625
2021-11-01,145.99346923828125,146.7187225723951,144.8565670408628,146.02287059210153,74588300.0,AAPL,55.10611478797527,1.2685464913399755,2.490820173475275,150.38563802241057,136.19225656987456,2.3619842529296875
2021-11-02,147.0323944091797,148.5515295481681,145.68966743805245,145.69947786176533,69122000.0,AAPL,57.62208166639206,1.2955812936315851,2.5335227556838538,150.60090878815956,136.85024325041465,1.2349090576171875
2021-11-03,148.47314453125,148.94358134189824,146.83640368687838,147.39504459547632,54511500.0,AAPL,60.895027323656784,1.4169295810208382,2.4761176928273523,151.02726907457486,137.35398550306184,2.1856231689453125
2021-11-04,147.95367431640625,149.39438585976856,147.64003986144715,148.5613223792471,60394600.0,AAPL,59.12204148736923,1.4544164604861578,2.5041197054745328,151.3605185710727,137.77246177560698,1.4505462646484375
2021-11-05,148.4836883544922,149.3866809675717,147.28623804705754,149.08241350820953,65463900.0,AAPL,60.38924950550043,1.509492298313603,2.396529467257671,151.6479007269134,138.3280315850983,2.754791259765625
2021-11-08,147.65919494628906,148.76831225932858,147.3843718030694,148.61126618413505,55020900.0,AAPL,57.40788707117849,1.4696691381415405,2.3119652903801176,151.69119614416857,139.0540614241908,1.9793548583984375
2021-11-09,148.0223388671875,148.63087363821072,147.28620229834195,147.4236138587903,56787900.0,AAPL,58.382445700529026,1.450689036105274,2.293902974047232,151.41496550610708,140.26333802172496,1.6760101318359375
2021-11-10,145.18576049804688,147.3549161864625,145.11706220590227,147.24694889017508,65187100.0,AAPL,48.9589584390904,1.1930067610615822,2.3775116676788417,150.442328777666,141.94417024577152,-0.6999359130859375
2021-11-11,145.13670349121094,146.6678653941325,144.95021313541474,146.20656685181973,41000000.0,AAPL,48.81221832511223,0.973610040626653,2.392392193274856,149.89740023309966,142.9130657703183,-4.3948974609375
2021-11-12,147.21751403808594,147.61992400748895,144.75390056803062,145.6863372900918,63804000.0,AAPL,54.97637061999926,0.9566133370095145,2.4745975229498316,149.4744503089415,143.8622135094179,0.4007415771484375
2021-11-15,147.2273406982422,149.07259482755015,146.66786961475387,147.59049667940786,59222800.0,AAPL,55.003928114709474,0.9331791479543199,2.4923487968094014,149.26936708670436,144.42688230294405,1.2338714599609375
2021-11-16,148.20883178710938,148.6897797454611,146.57951255847655,147.16842781455065,59256200.0,AAPL,57.78331177886993,0.9824800935562905,2.5562752996720297,149.40971945778514,144.52766457541796,1.1764373779296875
2021-11-17,150.65284729003906,152.13493057693609,148.19905808718525,148.20886785237,88807000.0,AAPL,63.78252557904999,1.204874035859234,2.534984286964461,150.1054880147987,144.26842861117785,2.1797027587890625
2021-11-18,154.9518585205078,155.73707397326015,150.2209612525499,150.86876512432602,137827700.0,AAPL,71.4641113861527,1.708324612619947,2.4977554192769236,152.12175501420526,143.09703465864632,6.9981842041015625
2021-11-19,157.58233642578125,158.04364996719235,153.63663942388337,154.7359321301873,117305600.0,AAPL,74.96325206488112,2.2931365542335413,2.6725272137936593,154.4532092546212,141.95092435133583,9.098648071289062
2021-11-22,158.04364013671875,162.63712578240353,158.0240056319732,158.69142902593197,117467900.0,AAPL,75.52993750429766,2.7619890944986594,2.829164874258418,156.338185898275,141.30232771256485,10.384445190429688
2021-11-23,158.4264373779297,158.8092278647629,156.11986971576832,158.14178946554065,96041900.0,AAPL,76.01507959208021,3.128384578683324,2.8707491952566135,157.97538907766278,140.87313539743485,10.404098510742188
2021-11-24,158.94664001464844,159.1429401409732,156.68915112006468,157.77863404441763,69463600.0,AAPL,76.69137881943931,3.421293107641077,2.920709411155692,159.44638763616967,140.70823119927957,13.760879516601562
2021-11-26,153.91148376464844,157.48420052815624,153.46980466846938,156.6204768444649,76959800.0,AAPL,59.270678968075615,3.2101258655693243,3.1618802987031853,159.81522823414562,140.77737888255362,8.7747802734375
2021-11-29,157.27806091308594,158.21049771270432,155.85485134990412,156.42413217982903,88748200.0,AAPL,64.99596812176547,3.2766576750400986,3.3700998338315213,160.6769114399707,140.96182452194336,10.060546875
2021-11-30,162.24453735351562,162.460471991212,156.96397844815215,157.0326917313919,174048100.0,AAPL,71.3861238249535,3.687629063177809,3.6666585626308836,162.4471480820865,140.816694691351,15.017196655273438
2021-12-01,161.72434997558594,167.15213072910657,161.48878081028846,164.3842491996412,152052500.0,AAPL,69.94582930863059,3.9260945016482367,3.8636637953118043,163.84200469522304,140.89103363485506,13.515518188476562
2021-12-02,160.73297119140625,161.16484040312477,154.8831472601401,155.80577421667738,136739200.0,AAPL,67.16456534517707,3.9891002327472336,4.229631685078096,164.8811789765026,141.07784201959112,10.080123901367188
2021-12-03,158.8484649658203,161.91080351077787,156.76765689784938,160.98817654426608,118023100.0,AAPL,62.10891568092653,3.8426728846128526,4.392283340325965,165.4546350224787,141.59386503855646,3.8966064453125
2021-12-06,162.26419067382812,164.77686859282636,161.2434059087715,161.253215674626,107497000.0,AAPL,66.96300141744624,3.956639002985554,4.643974655626662,166.5042311454299,141.92231914753881,4.681854248046875
2021-12-07,168.01583862304688,168.40845386171824,165.22833782381016,165.95466478279718,120405400.0,AAPL,73.19095938178846,4.45965971272534,4.932117227119917,168.56413905539003,141.8980756052545,9.972198486328125
2021-12-08,171.84375,172.7074885052505,167.54470695562583,168.9482820266579,116998900.0,AAPL,76.38206561284943,5.108302376207462,5.019753588539477,171.21938113238662,141.62497464153915,13.417312622070312
2021-12-09,171.33334350585938,173.48286484992437,170.70517418411447,171.67687992199998,108923700.0,AAPL,75.09846461055122,5.51756773551466,4.824152013189452,172.96074244913987,142.49837162556716,12.386703491210938
2021-12-10,176.13299560546875,176.3096762256293,171.46098609968757,171.97137847524502,115402700.0,AAPL,78.71996999623322,6.158217198923438,4.864817882936661,175.39746136554055,143.16128192059227,22.221511840820312
2021-12-13,172.49156188964844,178.76344615470973,172.2854370179631,177.77210578512478,153237000.0,AAPL,70.35945879214846,6.29948668495976,4.9664764386598295,176.64244025345513,144.44370781783394,15.2135009765625
2021-12-14,171.10763549804688,174.45460766310583,169.02682698568938,172.01062815391413,139380400.0,AAPL,67.428454951278,6.227980197652926,5.16207804783282,177.20820512712163,146.2659724241479,8.86309814453125
2021-12-15,175.98574829101562,176.18204841367742,169.12494892495155,171.87319557243478,131063300.0,AAPL,71.87577152210932,6.490119666037941,5.490885938391202,178.47020184392255,147.7816673577376,14.261398315429688
2021-12-16,169.07586669921875,177.7917297535116,167.59378358012162,175.96611019421348,150185800.0,AAPL,59.485655172616525,6.070322488178704,5.828108140334838,178.4197530125096,149.67441813006855,8.3428955078125
2021-12-17,167.9765625,170.26349541805016,166.55336801671226,166.78892215220165,195432700.0,AAPL,57.77919438832089,5.584550318827922,5.786044815569268,178.5049548939927,150.89168664653465,9.128097534179688
2021-12-20,166.61228942871094,167.4269492537598,164.3646250741957,165.16946015716837,107499100.0,AAPL,55.64573656416207,5.0314870885063385,5.65143366433673,178.5615884511572,151.7380483896631,4.3480987548828125
2021-12-21,169.7924041748047,169.99851408220792,165.9939282799388,168.38882895375335,91185900.0,AAPL,59.408237808858544,4.794520923828742,5.532950513154658,178.86467383583715,152.60983940879174,1.7765655517578125
2021-12-22,172.39341735839844,172.6093520110506,168.96792216563543,169.84147054164066,92135300.0,AAPL,62.23031621566997,4.761713488384203,5.304395308152467,179.4106076113734,153.46060363130238,0.5496673583984375
2021-12-23,173.02157592773438,173.58104703171455,172.03025052234963,172.59953139110942,68356600.0,AAPL,62.90113196057459,4.731854631519894,5.04779887218364,179.92957007710845,154.3491347568759,1.688232421875
2021-12-27,176.99671936035156,177.08505217463284,173.7969837257714,173.81660325556263,74919600.0,AAPL,66.90673340365461,4.971642129951562,4.9145897736045265,180.19315590280772,156.394072490747,0.8637237548828125
2021-12-28,175.9759063720703,177.97820636728795,175.22995998807548,176.82983503623868,79144300.0,AAPL,64.96684425086721,5.021420562649666,4.6720171444132665,180.39980822250004,158.0572047169531,3.484344482421875
2021-12-29,176.06427001953125,177.29116449792193,174.84718530534158,176.0151912450478,62348900.0,AAPL,65.06127778347141,5.010245545186081,4.477816976052957,180.98097683989192,158.85800936616278,4.956634521484375
2021-12-30,174.9060821533203,177.23228437904302,174.79811483502314,176.1526111960713,59773000.0,AAPL,62.67653250364461,4.852002319439265,4.453279753067956,181.14377383926947,160.01338558455868,-1.0796661376953125
2021-12-31,174.28773498535156,175.91703952431234,173.9834525641687,174.79811232201894,64062300.0,AAPL,61.38291767346445,4.62340227083169,4.23594077023751,180.8572613600127,161.65537444320998,5.2118682861328125
2022-01-03,178.6456298828125,179.49955854778523,174.42512523500616,174.54290230186947,104487900.0,AAPL,66.61297871011439,4.7392496630781125,4.1454989435008684,180.4398422220775,164.0525100728444,10.6690673828125
2022-01-04,176.3783416748047,179.55845745447346,175.8090608575143,179.25419002967348,99310400.0,AAPL,61.91473060068396,4.595138450517538,4.025614366325347,179.85529357656566,166.04847381845389,9.76605224609375
2022-01-05,171.6867218017578,176.83967914737053,171.41189860813105,176.290032760117,94537600.0,AAPL,53.505164838839576,4.055604280427673,3.9092344413620332,179.67169747147028,166.59915824142035,1.894317626953125
2022-01-06,168.8206787109375,172.05968310015797,168.46733250526367,169.50773661732023,96904000.0,AAPL,49.116322242795896,3.3580443931359696,3.4374061857552,179.78094650843377,166.18760207555061,-3.5727386474609375
2022-01-07,168.987548828125,170.92113587009246,167.86862157848182,169.69424129913546,86709100.0,AAPL,49.376688910589166,2.7865663780461603,3.390433820774681,179.86169206297507,165.87227705323585,-4.034027099609375
2022-01-10,169.00717163085938,169.31143906710747,165.06147477041716,165.95465755063788,106765600.0,AAPL,49.40947150028182,2.308636802019606,3.436007168695109,179.53082443372043,165.4905622850296,-7.9895477294921875
2022-01-11,171.84375,171.9418925722171,167.66249900972133,169.13477238363146,76138300.0,AAPL,54.04252487704098,2.1341610576337473,3.455636294425586,179.50478059557315,165.45182493421203,-4.1321563720703125
2022-01-12,172.28543090820312,173.90492564658769,171.58856322387598,172.86452151388104,74805200.0,AAPL,54.73760385271887,2.0083764180128014,3.360988621375339,179.53498491727652,165.53940015352424,-3.778839111328125
2022-01-13,169.00717163085938,173.35527850038557,168.61455640929785,172.53080900021536,84505800.0,AAPL,48.833970431239145,1.6254261578035596,3.5888404486412537,179.15792277011084,165.21860463467434,-5.8989105224609375
2022-01-14,169.87091064453125,170.56777832766494,167.92749898971087,168.17287788763613,80440800.0,AAPL,50.353286142731264,1.375772785137059,3.4871835265737974,179.13168702170768,165.32434477760873,-4.4168243408203125
2022-01-18,166.66131591796875,169.35065849662658,166.2785255156258,168.3396988448815,90956700.0,AAPL,45.005387565964206,0.9084610444886607,3.5474791515518667,179.2588058107548,165.06570133035845,-11.98431396484375
2022-01-19,163.15733337402344,167.91769000661554,162.87270044087128,166.85765136543813,94815000.0,AAPL,40.009477181621854,0.2524608049253061,3.7332656067778607,179.78835392525798,164.19065761038655,-13.22100830078125
2022-01-20,161.46913146972656,166.54356549753263,161.14522951347425,163.8934762825247,91420500.0,AAPL,37.83056324773848,-0.3990479199177912,3.944991781066325,180.64953228278637,162.49715198235037,-10.21759033203125
2022-01-21,159.407958984375,163.25549850314815,159.29999166470387,161.38080003283116,122848900.0,AAPL,35.30266643145677,-1.0693656898380937,4.089414629516369,181.4890037528428,160.3591346748916,-9.4127197265625
2022-01-24,158.632568359375,159.30000684733824,151.84048126776224,157.06215216881375,162294600.0,AAPL,34.37217069375811,-1.6442114490082815,4.257675640529162,182.05024010517212,158.35899756572633,-10.35498046875
2022-01-25,156.82659912109375,159.75151211969052,154.11762080461585,156.04138345672908,115798400.0,AAPL,32.24067025253132,-2.2199176502836053,4.3922824061088415,182.00245274126567,156.38977290570696,-12.180572509765625
2022-01-26,156.73825073242188,161.3513717096446,154.9028210933392,160.4778233011423,108275300.0,AAPL,32.13568242193355,-2.652719045247693,4.465194554470693,181.76578756277274,154.70267252023507,-15.105499267578125
2022-01-27,156.27688598632812,160.81148242302393,155.35425909751854,159.44717659164758,121954600.0,AAPL,31.557757411232046,-2.9983820661159655,4.598399749514343,181.25110760388023,153.23861407580725,-16.008544921875
2022-01-28,167.18154907226562,167.2011835771804,159.79073801782928,162.64695192499494,179935700.0,AAPL,53.04967257250991,-2.36514342243521,5.160669985174459,180.39344140562994,153.32382696595207,-1.82562255859375
2022-01-31,171.5492706298828,171.76520522888097,166.37667997036093,167.0146740043963,115541600.0,AAPL,58.65045834973885,-1.493640846038545,5.2419957681622975,179.99291329312163,153.45050864291355,1.6783599853515625
2022-02-01,171.38243103027344,171.60817541361024,169.12494226668923,170.79351570873365,86213900.0,AAPL,58.36405068226335,-0.807127275941184,5.113698595621242,178.61457097963353,154.10253107114772,4.7211151123046875
2022-02-02,172.5896759033203,172.62894490892336,170.12607747590965,171.5198276400682,84914300.0,AAPL,59.890361193816524,-0.1637580527906266,5.127020382071385,177.87795949250793,154.4602759811249,9.432342529296875
2022-02-03,169.70404052734375,172.98231399971922,168.93845956073986,171.25483696595504,89418100.0,AAPL,54.726192453218374,0.11197920661172134,5.077244121206503,177.61455000262154,154.52541734356984,8.234909057617188
2022-02-04,169.41905212402344,171.09958880025067,167.7385154477962,168.72128157532018,82465400.0,AAPL,54.22886274019134,0.304002437996985,5.1287294079565315,177.6775381310465,154.52226655645347,10.011093139648438
2022-02-07,168.70162963867188,170.95215737367448,168.00385912062177,169.88094594072888,77251200.0,AAPL,52.92496880974356,0.3937532906725494,5.082723202538479,177.64892620188112,154.52228656667359,10.069061279296875
2022-02-08,171.81700134277344,172.32804392038554,168.4755875609354,168.7704203940124,74829200.0,AAPL,57.68318637570437,0.7081033734017126,4.997542259231756,178.00514101079554,154.44705472895058,14.990402221679688
2022-02-09,173.2420196533203,173.60563833840823,171.8857975368838,173.01598763252147,71285000.0,AAPL,59.69024076141176,1.059996170986409,4.7397066172015,178.23101257508037,154.36101012999777,16.503768920898438
2022-02-10,169.15370178222656,172.4557965844286,168.59353288500876,171.13889356700463,90865900.0,AAPL,52.06121049492849,0.9974823084827449,4.789205183620591,177.82308932660965,154.4557604658708,12.876815795898438
2022-02-11,165.73367309570312,170.09715694195197,165.14400744238606,169.3600823732159,98670700.0,AAPL,46.68570061032012,0.664314090120655,4.60246745383153,177.58171887421562,154.36978106474922,-1.4478759765625
2022-02-14,165.96954345703125,166.65747672658372,163.68951891129095,164.48555705147456,86185500.0,AAPL,47.09145157069701,0.4145301975484017,4.412043632418539,177.24122877325095,154.3201344469639,-5.5797271728515625
2022-02-15,169.81214904785156,169.96939522398472,167.31592973397568,168.02352253075418,62527400.0,AAPL,53.323758704161385,0.5206392154840103,4.237136571750544,177.53555051331819,154.34089601988495,-1.570281982421875
2022-02-16,169.57627868652344,170.3526572392932,167.1193636519341,168.88834547600229,61177400.0,AAPL,52.911749076642465,0.5790239817323481,4.078284447597237,177.8876967294516,154.63064433500153,-3.013397216796875
2022-02-17,165.96954345703125,168.94732353481027,165.56660575778602,168.0824845697611,69589300.0,AAPL,46.93934469885248,0.3304516978736274,3.584382686017605,177.89456661724884,155.07381564593473,-3.7344970703125
2022-02-18,164.416748046875,167.6009001587836,163.32587723184227,166.89332246399607,82772700.0,AAPL,44.604998443180236,0.0080657823835395,3.504846805190553,177.7023443276808,155.7669168417528,-5.0023040771484375
2022-02-22,161.48814392089844,163.81729494035432,159.35552814005308,162.1367581949425,91162800.0,AAPL,40.51284328447489,-0.478228535042831,3.6889887166120467,177.46892068054714,156.2858980450388,-7.2134857177734375
2022-02-23,157.31137084960938,163.28657531432245,156.9968785115613,162.68708741626082,90009200.0,AAPL,35.50932113330687,-1.1869683331857743,3.9594765287368636,177.39810437494617,156.40519152349134,-14.505630493164062
2022-02-24,159.93536376953125,160.0434686425656,149.38045024208816,149.95045639119465,141147500.0,AAPL,40.48250175394921,-1.5194007246352044,4.4322739545581555,176.9881554859731,157.13485171617532,-13.306655883789062
2022-02-25,162.0089874267578,162.27432346013268,158.09756779697935,161.0163841306603,91974200.0,AAPL,44.14796008781909,-1.597121073204164,4.490536976750931,176.24085648191058,158.45536086428083,-7.14471435546875
2022-02-28,162.2743377685547,162.569170605232,159.63069449285575,160.249841950296,95056600.0,AAPL,44.617991322174106,-1.6186447256068561,4.48983539527404,176.28105147148145,157.92444474433884,-3.4593353271484375
2022-03-01,160.38742065429688,163.72883431123614,159.17862257926774,161.86156976875884,83474400.0,AAPL,41.91657614542452,-1.7675851948590662,4.5396750647396305,175.93939843396026,157.14991278430148,-5.582122802734375
2022-03-02,163.68948364257812,164.4756993508766,160.1416981927737,161.55688346854748,79724800.0,AAPL,47.86531971728509,-1.6007205925600658,4.721486790630209,175.34843951866162,156.9715769608306,-6.1226654052734375
2022-03-03,163.36521911621094,165.99904029600498,162.6969453068408,165.56662077426105,76678400.0,AAPL,47.35244157919927,-1.477611643089432,4.625315949262538,174.44365119425206,156.95391960652918,-6.2110595703125
2022-03-04,160.3579559326172,162.69694424174432,159.30640391691654,161.6552144893565,83737200.0,AAPL,42.77483707950031,-1.604215521903825,4.561434927814574,174.0734879116169,156.3894744296917,-5.6115875244140625
2022-03-07,156.5546417236328,162.17606497919274,156.29911294194886,160.54466966467405,96418800.0,AAPL,37.798134283803044,-1.9885232211570951,4.76922022938251,174.000875755535,155.17564554573454,-7.8621063232421875
2022-03-08,154.72669982910156,160.0729499038518,153.1149639973743,156.08292186895503,131148300.0,AAPL,35.6512298079908,-2.4127764902650597,4.980515525062797,174.06071115055028,153.7183171697622,-6.761444091796875
2022-03-09,160.14175415039062,160.59383321427086,156.6627682949814,158.69708659288594,91454900.0,AAPL,45.522723260612885,-2.2857024790044704,5.168646939192096,172.88410471072746,153.72739889034676,2.83038330078125
2022-03-10,155.78805541992188,157.62582286314418,153.291821624197,157.43909494191072,105342000.0,AAPL,40.18510015530957,-2.5073987794046104,5.371522624724682,171.3577951643508,153.50831201338357,-4.147308349609375
2022-03-11,152.06341552734375,156.53500490118736,151.83738349184966,156.19103072019064,96970100.0,AAPL,36.2672738141164,-2.94964038762285,5.401708230610138,171.04983324733084,152.10724530491527,-9.945571899414062
2022-03-14,148.02423095703125,151.4639124411962,147.51320336208943,148.83992865134607,108732100.0,AAPL,32.55996972052368,-3.5847259963928764,5.365207677641024,171.7133701068553,149.6727642315236,-14.250106811523438
2022-03-15,152.41720581054688,152.88894438184133,147.78838542286357,148.29941304803273,92964300.0,AAPL,39.77101979334307,-3.691011872540315,5.280269260227925,171.33231242781733,148.69858814591316,-7.97021484375
2022-03-16,156.83961486816406,157.24255250796213,151.79803572553402,154.34339594526026,102300200.0,AAPL,46.027604461016466,-3.3794367011360293,4.907519144652972,169.76960957362812,148.9640375821336,-6.8498687744140625
2022-03-17,157.8518829345703,158.22533884354678,154.9134219533723,155.8765285127207,75615400.0,AAPL,47.375151650780964,-3.016062271506115,4.8457449465830535,168.01696547997335,149.54424210059307,-5.513336181640625
2022-03-18,161.1539764404297,161.6453594768953,157.00670241299437,157.74377696769278,123511700.0,AAPL,51.618692643184126,-2.433581258975323,4.967186443120531,167.22152854568915,149.8581223332171,0.7960205078125
2022-03-21,162.52984619140625,163.48313041290612,160.20068056976743,160.69206357071295,95811400.0,AAPL,53.308165132521786,-1.839732380031677,4.876632022489837,166.89621532878834,149.99474536457103,5.9752044677734375
2022-03-22,165.91058349609375,166.50023417031582,162.06796436975657,162.6576150439786,81532000.0,AAPL,57.25773535768877,-1.0838121072086722,4.88365121123672,167.66616890062187,149.667035750257,11.183883666992188
2022-03-23,167.27662658691406,169.66474104201137,164.76073274272346,165.09488461775757,98062700.0,AAPL,58.77515461507531,-0.3702436456755436,4.9980735905312725,168.9202252303443,149.40950499426506,7.1348724365234375
2022-03-24,171.07008361816406,171.13886943985568,167.2766062849375,168.11194838158724,90131400.0,AAPL,62.731921937486725,0.49565122150198704,4.984034158790116,170.83806544790178,148.60513676157086,15.282028198242188
2022-03-25,171.70887756347656,172.25922412685,169.7728273342969,170.88335771841636,80546200.0,AAPL,63.36950182289374,1.219368355566246,4.741851641312203,172.5246885934212,147.88850262972332,19.645462036132812
2022-03-28,172.57371520996094,172.70146459251646,169.03575161959526,169.20282003972102,90371900.0,AAPL,64.26095599243327,1.8414771662413898,4.506689288915325,174.2092543925076,147.23387457477753,24.549484252929688
2022-03-29,175.87582397460938,175.92495028186923,173.30096665224875,173.64494077798946,100589400.0,AAPL,67.51198499311514,2.5713149431099396,4.326982266539539,176.58627324770984,146.40569605160655,23.4586181640625
2022-03-30,174.706298828125,176.5145844911972,173.6547321136036,175.4728550330321,92633200.0,AAPL,65.24812874115854,3.0205269794770118,4.04197654163954,178.23835860502007,145.85529221285103,17.866683959960938
2022-03-31,171.6007843017578,174.96184246595325,171.39439682863326,174.77511451308345,103049300.0,AAPL,59.53889979492238,3.0903184192056585,3.9612497007811323,179.20083543324444,145.71637190318137,13.7489013671875
2022-04-01,171.30593872070312,171.86612253758457,168.97678810398756,171.0307654409147,78751300.0,AAPL,59.01095587929328,3.086260572992046,3.842615577091325,180.16964701345745,145.84235860177694,10.151962280273438
2022-04-04,175.3647918701172,175.4139331761271,171.4337273224645,171.56149171892602,76468400.0,AAPL,63.773187419960124,3.3716934453079546,3.771718112551769,181.67388588195325,146.21913474792956,12.834945678710938
2022-04-05,172.04306030273438,175.22722840633008,171.41409049168348,174.44101239356067,73401800.0,AAPL,57.849548613667714,3.291917896074125,3.6650170122664543,182.33398808128302,147.29066859596307,6.132476806640625
2022-04-06,168.8686981201172,170.6376800716011,167.19799877542366,169.3895629453013,89058800.0,AAPL,52.802032521271826,2.9386754780203432,3.774527343490472,182.71517011300958,147.78218096120915,1.592071533203125
2022-04-07,169.17335510253906,170.37233093887772,166.9228273416991,168.21024852764788,77594700.0,AAPL,53.223866347558555,2.6527325396469337,3.6895878101531645,182.87649073215883,148.95939031032165,-1.896728515625
2022-04-08,167.15867614746094,168.8195531941642,166.28401495074868,168.8195531941642,76575500.0,AAPL,50.03889718089752,2.237757471403455,3.661508546485428,182.32862382068325,151.01678328380896,-4.550201416015625
2022-04-11,162.8934783935547,166.11694994882637,162.6477868725991,165.80247259982983,72246700.0,AAPL,44.031573615556795,1.546889349574542,3.6671242232213257,180.55289245772252,154.279439390422,-9.68023681640625
2022-04-12,164.7705841064453,166.9424890030797,163.76815838717138,165.12438053702303,79265200.0,AAPL,47.044697519990095,1.137723164559418,3.6060529596668323,179.2177003319513,156.84996934578308,-11.105239868164062
2022-04-13,167.46331787109375,168.0922875017565,163.89588754215904,164.5051976542895,70618900.0,AAPL,51.110781615463246,1.0189908337125928,3.629919874286778,178.44318624307277,158.68685373495458,-7.24298095703125
2022-04-14,162.44142150878906,168.31837428702366,162.1957299543893,167.67956724809082,75329400.0,AAPL,44.28186485779831,0.5137473794041512,3.8896518414354397,177.79941089974417,159.78958293570506,-9.15936279296875
2022-04-18,162.22518920898438,163.7288199744053,160.75104022360551,161.09499932270256,69023900.0,AAPL,44.00920554860738,0.09479739693415468,3.840513754141053,177.6725585670083,160.0235565452964,-9.08074951171875
2022-04-19,164.5150604248047,164.9278354365271,161.08521588941466,162.17608700137228,67723800.0,AAPL,47.68298087413683,-0.051852291738242684,3.8756126452270627,177.51345909814495,160.38117743749956,-10.8497314453125
2022-04-20,164.3479766845703,165.96954980606952,163.23746114831818,165.85160767261976,67929800.0,AAPL,47.43839365918972,-0.1794864796143827,3.866486665238329,177.5792456268146,160.15913022767757,-7.6950836181640625
2022-04-21,163.55194091796875,168.57387654535995,163.05073557985884,165.99903403048015,87227800.0,AAPL,46.22192353975886,-0.34094077366657416,4.0061791886798375,177.69058139780395,159.67532588979373,-5.3167572021484375
2022-04-22,159.00173950195312,164.9769598952382,158.71674389745084,163.59127092738578,84882400.0,AAPL,39.920355944816464,-0.8265299685899947,4.246956443264862,177.98591631312905,158.1731565628475,-10.171615600585938
2022-04-25,160.07293701171875,160.35793256447772,155.72911292478716,158.34325918812343,96046400.0,AAPL,41.927572281109526,-1.1121065453881442,4.2841582421410465,177.86277661638323,157.13270220441754,-7.0857391357421875
2022-04-26,154.09776306152344,159.54228191454368,154.0191399558703,159.4538365441179,95623200.0,AAPL,34.919473684682345,-1.7998273517796122,4.4343793619563865,178.24520455683003,154.902679049127,-8.79571533203125
2022-04-27,153.8717041015625,157.03619732481974,152.7022099776654,153.2230748402012,88063200.0,AAPL,34.683275558004965,-2.3361622897552365,4.397874063373787,177.5928815487084,153.35459006994395,-10.898880004882812
2022-04-28,160.81985473632812,161.68469376070493,156.19101949826612,156.50551186924736,130216800.0,AAPL,46.63200730628773,-2.175476366709205,4.709551639228345,176.24493874081378,153.3138884686589,-6.643463134765625
2022-04-29,154.9330596923828,163.3357123056005,154.5399592760181,159.05085178561868,131747600.0,AAPL,39.96183293351926,-2.4943929676378787,5.1314382733563475,175.7421525325963,152.14990221593885,-7.50836181640625
2022-05-02,155.2377471923828,155.50308325510557,150.6285715632027,154.00928950852122,123055300.0,AAPL,40.436721893839184,-2.691524715173017,5.157411303144992,175.01662489266346,151.26861070303966,-6.9874420166015625
2022-05-03,156.7315216064453,157.9403346152518,153.6259923615283,155.42444099254382,88966500.0,AAPL,42.82447739348866,-2.6961385274742042,5.176363563444887,172.91336806654613,151.5085405027898,-7.783538818359375
2022-05-04,163.15882873535156,163.61089273431188,156.5153204398764,156.91825813151257,108256500.0,AAPL,51.781326215167844,-2.156308455290599,5.383447301647602,171.43878126897124,152.09470414362642,-1.18914794921875
2022-05-05,154.06825256347656,161.25227067537543,152.27961098375334,161.02623866112972,130525300.0,AAPL,41.80593229921756,-2.4339655183699733,5.723202545859307,170.6756187854941,151.3778220714395,-9.483688354492188
2022-05-06,154.79652404785156,156.9224209287026,151.74546750489773,153.5465733330201,116124600.0,AAPL,42.75733269083864,-2.5656698736715384,5.8802863796453835,169.53420179630376,151.0815559551611,-4.2052154541015625
2022-05-09,149.65896606445312,153.36944186699063,149.0979741892278,152.48364388073944,131577900.0,AAPL,38.033456356304185,-3.049452328795155,6.0128528304676205,169.2254559916101,149.64033075155396,-10.413970947265625
2022-05-10,152.07028198242188,154.2650810994448,150.5152283773258,153.06434369573583,115366700.0,AAPL,41.310844191653544,-3.2013768876005315,6.146711857413359,169.06779587927343,148.71567122277736,-2.0274810791015625
2022-05-11,144.18678283691406,152.99546042303857,143.5076754500473,151.07625368918983,142689800.0,AAPL,34.82569524680629,-3.9128062955643372,6.429900715091228,169.58174239434624,146.14334458075143,-9.684921264648438
2022-05-12,140.30897521972656,143.89149901958908,136.60835102555794,140.51566592761506,182602000.0,AAPL,32.15197787780018,-4.734944401800902,6.524058987488997,169.73515978960668,143.27449292035428,-20.510879516601562
2022-05-13,144.78713989257812,145.7615132406745,140.85029972421802,142.3069263815123,113990900.0,AAPL,38.06550740385921,-4.967877708832276,6.582896014721667,169.52346029135535,141.7207642569845,-10.145919799804688
2022-05-16,143.2418975830078,145.1906439345295,141.90337156179376,143.25174929311245,86643800.0,AAPL,36.87130137665452,-5.217028515858686,6.385287108785044,169.25178121089795,140.09411417484426,-11.995849609375
2022-05-17,146.8834991455078,147.40512922042456,144.36390904477065,146.5094945567554,78336300.0,AAPL,41.526986809213035,-5.062280692835401,6.373090272375216,167.99174816375537,139.5909910940571,-9.8480224609375
2022-05-18,138.59646606445312,145.0331931657119,137.69097960525806,144.5312514480339,109742900.0,AAPL,35.17038206455716,-5.544423576501458,6.471628121025739,167.32999559799143,137.67759259780937,-24.562362670898438
2022-05-19,135.1812744140625,139.42321789277696,134.4431167780582,137.67132497142188,136095600.0,AAPL,32.933064542286814,-6.131423476538771,6.199081555678335,166.85926067275068,135.3112608726595,-18.886978149414062
2022-05-20,135.41744995117188,138.47834364409812,130.51608836864122,136.89376494741566,137426100.0,AAPL,33.24930022749426,-6.5026096975218195,6.419634668789338,166.68252933924623,133.1295632510858,-19.379074096679688
2022-05-23,140.85031127929688,140.9979367905799,135.47651740077447,135.61430621725685,117726300.0,AAPL,40.23093703169036,-6.285930651347314,6.510073567766804,165.46956660065095,132.42026341643887,-8.80865478515625
2022-05-24,138.14370727539062,139.72828587372672,135.16155236949282,138.58659874320531,104132700.0,AAPL,38.09331470247873,-6.260444759056696,6.409586897435988,165.15768685155103,131.1367375869255,-13.92657470703125
2022-05-25,138.30120849609375,139.55114451962976,136.15562265268915,136.2441979580696,92482700.0,AAPL,38.298765848365086,-6.156568879866313,5.8750371913890165,164.69827357678747,130.03910130114224,-5.8855743408203125
2022-05-26,141.5097198486328,142.06087507401406,134.97456571452705,135.22061822713323,90601500.0,AAPL,42.48619486404291,-5.749074691353712,6.011419758223456,162.69811806599995,130.1082433231602,1.20074462890625
2022-05-27,147.27719116210938,147.31655295622195,142.96634634088457,143.09429845299417,90978500.0,AAPL,49.16478535759094,-4.904213160345961,6.019154276006698,161.82390530505262,130.21686923108018,2.49005126953125
2022-05-31,146.4898223876953,148.28109191355486,144.5214022588055,146.71620151537235,103718400.0,AAPL,48.33952213038703,-4.249206186029966,5.958695320275104,160.7851546693953,130.38082738626878,3.2479248046875
2022-06-01,146.36183166503906,149.34398586622885,145.3480818536694,147.53302859760922,74286600.0,AAPL,48.197893390804175,-3.697810167663448,5.566418108815687,159.34509908281944,130.783913978704,-0.52166748046875
2022-06-02,148.82240295410156,148.8814531521364,144.5410833823405,145.49576829817823,72348100.0,AAPL,51.16042541827441,-3.0273795642013397,5.335127962989956,156.00176446027442,132.69360602312403,10.225936889648438
2022-06-03,143.08447265625,145.63357327354203,142.17900114416437,144.58046123211946,88570300.0,AAPL,44.73545035943505,-2.9253400033208834,5.420189662203474,154.5218846295548,133.075107863121,7.9031982421875
2022-06-06,143.83245849609375,146.2240967666152,142.61203260738884,144.70840485443364,71598400.0,AAPL,45.69290165073483,-2.7523888843150814,5.443389075524231,152.6450454651128,133.8555404723872,8.415008544921875
2022-06-07,146.36183166503906,146.64724587129774,141.8246243296494,142.07067675560796,67808200.0,AAPL,48.91589952319641,-2.3837462575506265,5.490488354397917,152.1153112979949,134.0555611995637,5.5115203857421875
2022-06-08,145.62371826171875,147.50354794884595,145.13161326153673,146.23392365623158,53950200.0,AAPL,48.02028116664323,-2.126639328498044,5.003303722045023,150.85398752441637,134.67222860107194,7.480010986328125
2022-06-09,140.38772583007812,145.61387897508678,140.27946212008615,144.75762100742102,69473000.0,AAPL,42.12775095130463,-2.3186530757415937,5.029314795396011,150.70159804744722,134.4447123773575,2.086517333984375
2022-06-10,134.9647216796875,138.53739375627023,134.89581977133565,138.0649771627602,91437900.0,AAPL,37.0559656086614,-2.875272119616085,4.852861279916409,151.0739911854984,133.5378938853024,-6.5449981689453125
2022-06-13,129.79763793945312,133.0652077917095,129.36458307542827,130.77199636565416,122207100.0,AAPL,32.98164542909848,-3.6907920435863844,4.854264977405781,151.8596687948021,131.2532660806862,-17.47955322265625
2022-06-14,130.6636962890625,131.7758582423787,129.40390886311616,131.0278641513014,84784300.0,AAPL,34.28583979265406,-4.2185845710178,4.617350010938529,152.27973808266165,129.5753766634321,-15.826126098632812
2022-06-15,133.2915496826172,135.1713943388265,130.07319387777778,132.1695509120254,91533000.0,AAPL,38.21474936884426,-4.374392866573459,4.73896991051768,151.72553849236337,128.77038130744134,-13.070281982421875
2022-06-16,128.00636291503906,130.29957424502024,127.00246441029934,129.99447151756362,108123900.0,AAPL,33.83344716547967,-4.868224602481433,4.682025332862739,152.42785532260382,127.00905416225947,-20.8160400390625
2022-06-17,129.48269653320312,130.97870030024922,127.7603286163735,128.0162328897306,134520300.0,AAPL,36.03938701129802,-5.081881262470546,4.497135231168923,152.80925525143743,126.05779644533993,-13.601776123046875
2022-06-21,133.72462463378906,134.8958370832566,131.21490083390682,131.31331283551427,81000500.0,AAPL,42.020638480377976,-4.852975477942664,4.615238866547787,152.85243230848369,125.84533685655539,-10.107833862304688
2022-06-22,133.21282958984375,135.5847642777482,131.7955647861074,132.66165937450523,73409200.0,AAPL,41.51619278457682,-4.659155730288916,4.600474257910742,152.72141946053182,125.21260153556192,-13.149002075195312
2022-06-23,136.0867156982422,136.40165507690898,133.48840199836928,134.65961425641447,72433800.0,AAPL,45.474500790404,-4.2249509879495974,4.518221094858552,152.67513746364426,125.05318437473467,-9.537002563476562
2022-06-24,139.4232177734375,139.66927031856164,137.5630611330131,137.6909982443359,89116800.0,AAPL,49.72854440058931,-3.5704547879479662,4.299589152742999,152.73072485463632,125.10979791147696,-0.964508056640625
2022-06-27,139.4232177734375,141.224324205889,138.74411034603793,140.44678975329754,70207900.0,AAPL,49.72854440058931,-3.0169839214173635,4.218742702787622,152.57546715115294,125.05640540744078,4.45849609375
2022-06-28,135.26983642578125,141.15540852649434,135.1517360213465,139.88578412525837,67083400.0,AAPL,44.69430096883988,-2.8802951856703203,4.303103485894729,151.458762927406,124.97237415755492,5.472198486328125
2022-06-29,137.03155517578125,138.4488199898158,134.51197995876558,135.28951427489562,66242400.0,AAPL,47.138773450147966,-2.599843025917835,4.414882439019086,150.40450096260685,125.0808094011627,6.36785888671875
2022-06-30,134.5612030029297,136.1851436237319,131.65778627775248,135.08283314259847,98964500.0,AAPL,44.18933262916415,-2.5475528401749443,4.4169904930473844,149.208631651445,125.09661584611358,1.2696533203125
2022-07-01,136.73631286621094,136.84457658654097,133.51795639594204,133.89194605156405,71051600.0,AAPL,47.31508590825437,-2.3040397672066604,4.262327216751417,147.28032440825876,125.81631408051078,8.729949951171875
2022-07-05,139.32476806640625,139.3739815709903,134.76787086684834,135.59461869744254,73353800.0,AAPL,50.843371312581944,-1.8805098534158446,4.191325223885898,146.7360778759669,125.98459015381822,9.842071533203125
2022-07-06,140.66329956054688,141.84434862551257,138.85235665974255,139.11809758016227,74064300.0,AAPL,52.61075109230047,-1.420476669535276,4.235613980065004,146.18656938488277,126.2171827513477,6.9386749267578125
2022-07-07,144.03915405273438,144.23599306904134,141.0176218390398,141.02745853360616,66253700.0,AAPL,56.826766392615525,-0.774565108206076,4.126649197739701,145.61658370227917,126.55490067272082,10.826324462890625
2022-07-08,144.71824645996094,145.2202032222622,142.71046446431882,142.9663536838273,64547800.0,AAPL,57.64311601322478,-0.205509475155651,3.856695875284381,145.38736916297228,126.69356803185194,8.63153076171875
2022-07-11,142.58248901367188,144.32454481016836,141.50970378477396,143.36985996820178,63141600.0,AAPL,54.17368892620198,0.07230000773148504,3.8559938032351857,145.7598526756388,126.54056083754477,3.159271240234375
2022-07-12,143.556884765625,146.10598530220875,142.75967699315206,143.45845774918337,77588800.0,AAPL,55.48993379679027,0.36686265393583994,3.7210192131268576,146.71991135714538,126.43971846463195,4.1336669921875
2022-07-13,143.1927490234375,144.137582416121,139.87595039979414,140.73222349561755,71185600.0,AAPL,54.85583455952796,0.5644167174948223,3.754764393461577,147.27232262173558,127.2268183084402,7.92291259765625
2022-07-14,146.1256561279297,146.59807271073137,140.98807885917248,141.80497494021958,78140700.0,AAPL,58.92700323479652,0.9467275423795058,3.92770499092541,148.2888260603646,127.75651085369788,9.094100952148438
2022-07-15,147.79881286621094,148.47792016432717,145.85991797831633,147.4149715696043,76259900.0,AAPL,61.08314920641786,1.3689410903728003,3.858808388474795,149.63779447763665,127.85826875478524,13.23760986328125
2022-07-18,144.74778747558594,149.17673295190042,144.3836195242813,148.35983676190435,81420900.0,AAPL,55.37459404202595,1.4407480715669863,4.024015500458227,149.53114465060497,129.6390610378716,8.011474609375
2022-07-19,148.61569213867188,148.84205620646762,144.5902773267497,145.58432390085355,82982400.0,AAPL,60.42411357199303,1.7891391203092724,3.898880241498946,150.06819399749304,131.01531125153042,9.290924072265625
2022-07-20,150.62347412109375,151.2927446518588,147.99563553153246,148.7337929449323,64823400.0,AAPL,62.77854831887785,2.2018709648411914,3.8531851764472407,151.35471209481872,131.41867810293516,9.960174560546875
2022-07-21,152.8970184326172,153.11354581836207,149.54085897142338,152.06043398607093,65086600.0,AAPL,65.29624836470028,2.6815091816775976,3.7245364585122354,152.81643821075295,131.9253708712783,8.857864379882812
2022-07-22,151.65692138671875,153.8123437761435,150.98766576840873,152.93639744167697,66675400.0,AAPL,62.800997825537436,2.9278104797349727,3.68868344545051,153.93816226753867,132.36066738334026,6.9386749267578125
2022-07-25,150.53489685058594,152.5918918778492,149.87547803878698,151.57815691157683,53623900.0,AAPL,60.54651743917193,2.997909989806544,3.553705097944814,154.82514094690765,132.58485661168612,7.9524078369140625
2022-07-26,149.2062225341797,150.67268563136523,148.4188516333692,149.85578963583632,55138700.0,AAPL,57.89600770233377,2.9126759284135915,3.5009795288181005,155.38171611840065,133.00658191626732,5.6493377685546875
2022-07-27,154.31423950195312,154.84572117490725,149.75735858909258,150.17072488036305,78620700.0,AAPL,64.35616553236449,3.220181354342202,3.6486084668347507,156.3774940203977,133.91524432188743,11.121490478515625
2022-07-28,154.86544799804688,155.1508622874104,151.97186822338708,154.50128008945563,81378700.0,AAPL,64.98058578864692,3.4683782335548017,3.6964124172690327,157.38766789491584,134.6884597295959,8.739791870117188
2022-07-29,159.94393920898438,161.04626446616166,156.98147293186878,158.69400349755176,101786900.0,AAPL,70.16624496891286,4.028430606077592,3.9087176881924472,158.92664945091062,135.68775179420655,12.145126342773438
2022-08-01,158.95973205566406,161.00689040490016,158.34952673676182,158.46762711645877,67829400.0,AAPL,68.06275186538318,4.342797784785546,3.846851072449695,160.03187425347735,136.80486891058516,14.211944580078125
2022-08-02,157.48345947265625,159.84557282503414,157.10946983070068,157.57204979903847,59907000.0,AAPL,64.91899213707643,4.421840949119797,3.7378847137358804,160.784643960609,137.86796834407852,8.867767333984375
2022-08-03,163.5068359375,163.95956419348943,158.21178056001122,158.30035586863676,82507500.0,AAPL,70.8376189734283,4.913875272228239,3.7997497758269003,162.8109004975619,138.1260654448209,12.88336181640625
2022-08-04,163.19187927246094,164.55009405774106,161.8336644871808,163.38871829491413,55474100.0,AAPL,70.1709629426623,5.218248922213462,3.8067803032947154,164.61143589250966,138.24080257184582,10.29486083984375
2022-08-05,162.96517944335938,163.45796799318663,160.64906724368603,160.85604505164724,56697000.0,AAPL,69.66277576226202,5.379166765068845,3.6650508262862496,166.08279721866126,138.59413454403403,11.308258056640625
2022-08-08,162.4921112060547,165.3897106347166,161.8317762742878,163.97047703384425,60276900.0,AAPL,68.54716411071026,5.406203315155523,3.615490503479886,166.9868189426807,139.6810750392529,11.95721435546875
2022-08-09,162.5413818359375,163.42841029450733,160.89546979944944,161.65436841608152,63135500.0,AAPL,68.60355925230772,5.369707063445929,3.560907030246424,167.711889608506,140.85445408045882,13.335159301757812
2022-08-10,166.79908752441406,166.89763621928432,164.49282549147833,165.26157448955212,70170500.0,AAPL,73.09324030067539,5.619565928982752,3.616876139989862,168.9374980178977,141.98947952116478,12.484848022460938
2022-08-11,166.05990600585938,168.52384897861626,165.76422984138568,167.6072543726192,57149200.0,AAPL,71.18991213410578,5.692317614986081,3.6122290778109902,169.97493099543013,142.94547153142534,11.1944580078125
2022-08-12,169.61785888671875,169.68684147739978,166.9567881529433,167.37074385189385,68039400.0,AAPL,74.61622102290328,5.968272383803821,3.6772663372737173,171.6327083934907,143.46959873541556,9.673919677734375
2022-08-15,170.69210815429688,170.88922057556053,168.8786498167292,169.04619612673898,54091700.0,AAPL,75.56126121010618,6.2021568606751885,3.6598903916190966,172.74256756177934,144.954171634998,11.732376098632812
2022-08-16,170.53440856933594,171.20460883381332,169.1841727217911,170.28801428832625,56377100.0,AAPL,75.11912641374826,6.302139810299167,3.4013859252830008,173.89773030269004,145.9908805371537,13.050949096679688
2022-08-17,172.03250122070312,173.60941569871042,170.08106259876365,170.27817502867526,79542000.0,AAPL,76.52441258380067,6.428160739483445,3.426340142134675,175.23960584711804,146.78990770268663,8.525665283203125
2022-08-18,171.63824462890625,172.37742744821887,170.62310142681395,171.2440198074247,62290100.0,AAPL,75.31874606270563,6.422189024376394,3.1101622530839705,176.39258066319658,147.511055506237,8.446365356445312
2022-08-19,169.0462188720703,171.23420163153378,168.83924102673046,170.5344351473727,70346300.0,AAPL,67.76006463806766,6.137551705449482,3.120279391229502,176.7365941356822,148.90597178228654,6.0810394287109375
2022-08-22,165.15318298339844,167.41014821395845,164.72937695607638,167.2426018901802,69026800.0,AAPL,58.29716612850941,5.534046080351175,3.23318931420525,176.23096703893435,150.87342749231567,2.66107177734375
2022-08-23,164.8180694580078,166.2767345287208,164.24643288251994,164.67023889482752,54147100.0,AAPL,57.55209160285824,4.971415282817333,2.9156319517315126,175.0656919737403,153.5998872498925,2.2766876220703125
2022-08-24,165.1137237548828,165.68536025466128,163.85218632044496,164.90676099384123,53841500.0,AAPL,58.061356303365955,4.4975383308498635,2.8525422634212316,174.5146050561476,155.23092259277817,-1.68536376953125
2022-08-25,167.5776824951172,167.68609658373745,165.92192009296824,166.34571105112042,51218200.0,AAPL,62.13818638968949,4.271568329744781,2.8356474119465207,173.9771964548887,157.0395546437441,1.5177764892578125
2022-08-26,161.26014709472656,168.58299398508154,161.20101486509154,168.1099211092857,78961000.0,AAPL,48.98883626431011,3.5418845267994357,3.108793466200891,173.87982485026754,157.26854703693948,-8.357711791992188
2022-08-29,159.05247497558594,160.5505416954114,157.5149767407186,158.8257813608867,73314000.0,AAPL,45.37526624462518,2.7537209847677957,3.1953813132687543,173.86900196494372,157.2886442142555,-11.639633178710938
2022-08-30,156.6180877685547,160.21543879278465,155.44524840968555,159.79164778477147,77906200.0,AAPL,41.72073971461678,1.9106363699682163,3.2249481703939176,174.01060748635823,157.06050152243083,-13.91632080078125
2022-08-31,154.95242309570312,158.26396254446672,154.87357512802876,157.99785253340468,87991100.0,AAPL,39.38347162346166,1.0954528218497046,3.2700030474801594,174.79128754056433,155.42438018404505,-17.080078125
2022-09-01,155.68177795410156,156.13513503517575,152.43922061054926,154.3808088580502,74229900.0,AAPL,40.94359703259238,0.502474613915723,3.274930115557737,175.2731129858688,154.19154460690464,-15.956466674804688
2022-09-02,153.56275939941406,158.04713803269738,152.73487827783595,157.44593542420824,76957800.0,AAPL,37.8921992572809,-0.1368741757388534,3.510765043845601,175.91489948556415,152.60951610281478,-15.48345947265625
2022-09-06,152.3012237548828,154.82429865337028,151.47334262357523,154.21324568103077,73714800.0,AAPL,36.16420914516597,-0.7368639720321255,3.605802180829374,176.5648204795332,150.94050636372853,-12.851959228515625
2022-09-07,153.7106170654297,154.410368411757,151.3945047755551,152.587059729615,87449600.0,AAPL,39.48449493119006,-1.0861139019386883,3.569195790561882,176.88505818861924,149.7371921775917,-11.107452392578125
2022-09-08,152.2322540283203,154.10484460794962,150.47791285622748,152.4096506976959,84923800.0,AAPL,37.293325750875155,-1.4652974921256146,3.7029533427273975,176.9109761423031,148.2545908742985,-12.8814697265625
2022-09-09,155.1002655029297,155.54378723487187,152.51805827855026,153.2276750032018,68028800.0,AAPL,43.808209448791594,-1.516892865469913,3.73956260018281,176.6387177105237,147.4308852557849,-12.4774169921875
2022-09-12,161.07286071777344,161.8908915280311,157.0024374583422,157.28824820471496,104956000.0,AAPL,54.42684817875159,-1.063583720718242,3.9162614651190575,175.7706985217077,147.44440462770638,-0.187286376953125
2022-09-13,151.62120056152344,158.2245651301224,151.15797805083207,157.59379629154282,122656600.0,AAPL,41.16847004931469,-1.4502849591382585,4.47944582374338,174.80981613743702,146.49819625269967,-7.4312744140625
2022-09-14,153.06997680664062,154.83416823515125,151.39449874644285,152.55747250443096,87965400.0,AAPL,43.442747378958586,-1.6211566567612579,4.5941955062071,173.5188061352829,146.0427630785843,-3.5481109619140625
2022-09-15,150.1724090576172,153.00102614754542,149.1966971510488,152.41952410853062,90481100.0,AAPL,40.10361406907039,-1.9677007798151749,4.687117422402614,171.78503570114307,145.5905242964155,-4.7800140380859375
2022-09-16,148.52645874023438,149.16709284731172,146.2300624042499,149.02911266156946,162278800.0,AAPL,38.30261809649197,-2.3480866476422193,4.441429389072419,169.87498055503823,145.18940085365318,-7.1553192138671875
2022-09-19,152.251953125,152.33080110123336,146.94955831205283,147.15652109079085,81474200.0,AAPL,44.39004358758525,-2.3221605060138018,4.5582917058704595,167.97676446454736,145.408190369437,-1.3108062744140625
2022-09-20,154.6370849609375,155.80007408987984,150.87218718814546,151.18756412972346,107689800.0,AAPL,47.93205930662909,-2.085117707215744,4.569555742915837,166.74921594610845,145.58412908562985,2.3358612060546875
2022-09-21,151.5029296875,156.4505314848071,151.38466523487358,155.07071436973487,101696800.0,AAPL,43.96894350358932,-2.1256564740474175,4.689232802451234,165.44806800710904,145.55376304757846,-2.2076873779296875
2022-09-22,150.53704833984375,152.24209247430875,148.73344048207258,150.18223999013938,86652500.0,AAPL,42.794619868441536,-2.2102439746653886,4.6758569144233535,163.85187625684563,145.69228725633798,-1.6952056884765625
2022-09-23,148.26040649414062,149.2854154493682,146.41738150102094,149.0094549703573,96029900.0,AAPL,40.077563195484785,-2.4329407223889064,4.59067170613488,161.08073469775997,146.531701215326,-6.8398590087890625
2022-09-26,148.59548950195312,151.55222131778743,147.4817823722665,147.50149812854582,93339400.0,AAPL,40.674588389776176,-2.552962142661471,4.642063342972443,159.89974662619704,146.44622352761155,-12.477371215820312
2022-09-27,149.57119750976562,152.48851277634017,147.78730509985635,150.53707403917747,84442700.0,AAPL,42.47194812161274,-2.540068176238549,4.7624450601354384,159.0042074663388,146.39363494088775,-2.0500030517578125
2022-09-28,147.6788787841797,148.46734352386844,142.75099295951767,145.5106120290712,146691400.0,AAPL,39.9443462620627,-2.6519736202418187,4.990535974315853,158.654090367622,145.84983114116707,-5.3910980224609375
2022-09-29,140.42503356933594,144.603886261403,138.65099162276434,143.99283321708396,128138200.0,AAPL,32.066365682519375,-3.288081223192137,5.398846971091838,159.69125700319074,143.3599255529616,-9.74737548828125
2022-09-30,136.20677185058594,141.03610936010895,136.00965940990883,139.2423515609022,124925300.0,AAPL,28.541184075564146,-4.085484625025657,5.272834394313175,160.9658953157729,140.13778663002785,-12.319686889648438
2022-10-03,140.3954620361328,141.00653009557303,135.70412021518845,136.2166245441246,114311700.0,AAPL,36.05820840781261,-4.329532123056424,4.943372052416261,161.13781526213006,138.64913694734258,-11.856491088867188
2022-10-04,143.9928436279297,144.1111080866803,142.17937004103229,142.93826874168496,87830100.0,AAPL,41.72771352674827,-4.184427419056192,4.963084663976196,160.95926169797772,137.9968524987996,-10.644241333007812
2022-10-05,144.28846740722656,145.25434369926734,140.94736196435568,141.99208622138215,79471000.0,AAPL,42.18140998382276,-3.9994730911456884,4.994063383927612,160.53005420995711,137.4838450209999,-7.2144622802734375
2022-10-06,143.33245849609375,145.41202660543266,143.12549574401123,143.70698257528738,68402200.0,AAPL,41.06785264913626,-3.8852506323757154,4.875790827360051,160.24686828375178,136.87705139398258,-7.20458984375
2022-10-07,138.06948852539062,141.03608513942643,137.43871980031912,140.4841493461153,85925600.0,AAPL,35.51012427596139,-4.171321801858483,4.912397677831058,159.86201868065416,135.55882329932632,-10.19091796875
2022-10-10,138.3947296142578,139.84352910239818,136.57142106787293,138.3947296142578,74899000.0,AAPL,36.08576579387182,-4.321970046622141,4.7941277587446915,157.66376390988478,135.4892649597441,-10.200759887695312
2022-10-11,136.97552490234375,139.31135326076313,136.22649159037823,137.88225418694904,77033700.0,AAPL,34.63306613899347,-4.503958989804801,4.652627431634075,157.45102612503018,134.23743517868076,-12.595672607421875
2022-10-12,136.34475708007812,138.33562739322105,136.16736038855555,137.12337155166935,70433700.0,AAPL,33.97835249142811,-4.645533412709199,4.556885646807599,156.8307934656711,133.18514586538362,-11.334121704101562
2022-10-13,140.92767333984375,141.51901056988928,132.4319886081597,133.04305662953354,113224000.0,AAPL,42.48568620602707,-4.337924231439786,4.911696727015224,156.2405823923191,132.85088336695824,0.5026397705078125
2022-10-14,136.3841552734375,142.43559768266255,136.19689323010235,142.22861988773633,88598000.0,AAPL,37.3475641749881,-4.409930738803098,5.066572834660887,156.01773011104618,131.85950530155148,0.1773834228515625
2022-10-17,140.35604858398438,140.83897177317823,138.24691403880277,139.035378783641,85250900.0,AAPL,43.75170851081878,-4.099244282604786,5.048973464893523,154.85762355083023,131.83002140766587,-0.0394134521484375
2022-10-18,141.67672729492188,144.58417712557898,138.5820153837327,143.39163709489873,99136600.0,AAPL,45.73782463796152,-3.7037606458776793,4.990541835721975,152.92001793212594,132.4715912597686,-2.3161163330078125
2022-10-19,141.78514099121094,142.8594165632396,139.4591781255194,139.6464402055219,61758300.0,AAPL,45.90667834930232,-3.3430523091837756,4.588566926886606,151.5579365346415,132.86189378762413,-2.503326416015625
2022-10-20,141.32191467285156,143.78585768272674,140.59258212799125,140.95725591977873,64522000.0,AAPL,45.25862828957783,-3.059301127094045,4.457625898639132,150.2379449580901,133.26037199747628,-2.0105438232421875
2022-10-21,145.1459197998047,145.7175562282131,140.5925441221267,140.80937225147852,86548600.0,AAPL,51.362605583391996,-2.497076274849803,4.444954629046407,149.68422476143644,133.5026435246964,7.0764312744140625
2022-10-24,147.2944793701172,148.06322822559991,143.89424173414176,145.0670807681687,75981900.0,AAPL,54.436758481689274,-1.8567349431252183,4.477336089111454,149.40008842083728,133.65667885211195,8.899749755859375
2022-10-25,150.14280700683594,150.2906525903393,147.20579155352908,147.92525860269856,74732300.0,AAPL,58.20792990733709,-1.1066666245358192,4.39004175353278,149.55476440285986,133.55916381979637,13.167282104492188
2022-10-26,147.1959228515625,149.7978453865875,145.90480442021547,148.78270233564243,88194300.0,AAPL,53.29328696356994,-0.741473753417381,4.529432591046998,149.45535178379882,133.61028084559572,10.851165771484375
2022-10-27,142.71156311035156,146.90026566861184,142.05122827640076,145.9344043483702,109180200.0,AAPL,46.81556700172224,-0.80463084225687,4.4759294395746485,149.56836079699153,133.72592478650458,1.7838897705078125
2022-10-28,153.49378967285156,155.2284000306861,145.68802050452555,146.06252959255997,164762400.0,AAPL,59.547352292602696,0.015177327794873463,5.136267217132454,151.6172513391333,133.40573602658935,17.109634399414062
2022-10-31,151.12840270996094,152.01543120421692,149.7288849047636,150.9510060343384,97943200.0,AAPL,56.35983246523852,0.46861237762993824,5.184841724111245,152.8660527823538,133.23022865075166,10.772354125976562
2022-11-01,148.4771728515625,153.2079455809234,146.97910660092256,152.8432868939365,80379300.0,AAPL,52.93926461144423,0.6070333268008028,5.47488257949234,153.38160883652873,133.16310551894,6.800445556640625
2022-11-02,142.93824768066406,149.97526767506156,142.9086815703328,146.80170816398885,93604600.0,AAPL,46.57891892588821,0.2667134491074421,5.330565732563713,153.3035547875432,133.10613759526933,1.153106689453125
2022-11-03,136.876953125,140.74041357111363,136.74882328898968,140.01108109963562,97918500.0,AAPL,40.8018535325792,-0.4864804760227628,5.327045728214726,153.36881308919286,132.39532875651028,-4.4449615478515625
2022-11-04,136.6103973388672,140.84553006556408,132.66154945569053,140.27294531486436,140814800.0,AAPL,40.56358776655274,-1.0923094490097753,5.593414593224212,153.45590840677474,132.16232432027604,-8.5355224609375
2022-11-07,137.1435089111328,137.37056348588823,133.93506945075268,135.35665734492238,83374600.0,AAPL,41.301867116402995,-1.5119863884739857,5.410081185602018,153.51655634120237,131.9765543155359,-10.150970458984375
2022-11-08,137.71609497070312,139.6214071902777,135.7318039714629,138.61446164278013,89908500.0,AAPL,42.13325658865872,-1.777886112493377,5.44503581282306,153.47484633080364,132.09232133277055,-12.426712036132812
2022-11-09,133.14527893066406,136.77822695953947,132.86886077303504,136.72886334632145,74917800.0,AAPL,37.559831922794245,-2.3305747984661593,5.563175715889675,153.8050446695182,131.44217517911463,-14.050643920898438
2022-11-10,144.99185180664062,144.99185180664062,137.71610267221538,139.43385733276594,118854000.0,AAPL,52.078597484407965,-1.792007986276161,6.043287199453256,154.0261871141432,131.6274505811693,2.2802886962890625
2022-11-11,147.78564453125,148.09167786414133,142.5238023668343,143.955271925704,93979700.0,AAPL,54.75076108033056,-1.1267655316140122,6.1432078427281755,154.37395193118877,132.419834689905,-5.7081451416015625
2022-11-14,146.3837890625,148.35821299381362,145.54465286622803,147.06496772898868,73374100.0,AAPL,53.14926984140419,-0.7045524716893397,6.123829206354988,154.65478047325547,132.74178019568984,-4.7446136474609375
2022-11-15,148.12130737304688,151.6259135896167,146.66023757913166,150.2734377369584,89868300.0,AAPL,54.90973731392581,-0.22712422650030817,6.195552202104717,155.1049993416605,132.9360193350973,-0.355865478515625
2022-11-16,146.88729858398438,147.95348958195228,145.40648026408388,147.22296218487898,64218300.0,AAPL,53.37572455696016,0.05107810466557794,6.021990240233379,155.37832548726587,133.17290894876928,3.9490509033203125
2022-11-17,148.7926025390625,149.5428782799837,144.2810362048945,144.55745437595286,80389400.0,AAPL,55.4454027639589,0.42045086647226526,5.503776322715857,155.83581058895032,133.46249263370595,11.9156494140625
2022-11-18,149.3553009033203,150.74727347635653,148.05218886107582,150.36226138845927,74829600.0,AAPL,56.065686850194766,0.7499416363587841,5.427360597515338,156.24230815509935,133.47693317790845,12.744903564453125
2022-11-21,146.1172637939453,148.4470850528785,145.83097890062086,148.2397789385964,58724100.0,AAPL,51.61275535370892,0.7412383774153568,5.234180813422382,156.1425347066015,133.4589850687891,8.9737548828125
2022-11-22,148.25953674316406,148.49647311929732,145.05109675172312,146.2357635687251,51804100.0,AAPL,54.20425786480533,0.8968659923983466,4.975522975054198,155.8918183050835,133.52137444393995,10.543441772460938
2022-11-23,149.1381378173828,149.88841358362208,147.4302500541231,147.53884398667913,58301400.0,AAPL,55.26252145419165,1.078663599887932,4.709004342041671,156.11296605960734,133.49444818599812,15.99285888671875
2022-11-25,146.2159881591797,146.97614571181424,145.23864273436385,146.4134275710732,35195900.0,AAPL,51.03817708036436,0.9756992045329582,4.402969661552057,156.26026158764967,133.69759516283864,1.2241363525390625
2022-11-28,142.375732421875,144.7647839323927,141.54647786060335,143.2839657599813,69246000.0,AAPL,46.0556060801501,0.5775648279366976,4.491113680369257,155.0121806590218,133.83387036636884,-5.409912109375
2022-11-29,139.36476135253906,142.95821359339442,138.5552550835596,142.44485896936806,83763800.0,AAPL,42.54831488020808,0.018862825608721323,4.527781915442118,154.15929854137826,133.5103883482702,-7.0190277099609375
2022-11-30,146.13697814941406,146.81815677897796,138.75263726440983,139.59175835153627,111380900.0,AAPL,51.49539365755312,0.12115219418384982,4.757659438077836,153.8724079785281,133.56325944090548,-1.9843292236328125
2022-12-01,146.41342163085938,147.22294276953917,144.73516410236186,146.3147094607483,71250400.0,AAPL,51.82519969173738,0.22196525703824932,4.089174137449318,154.10873637342414,133.674448441029,-0.473876953125
2022-12-02,145.9198455810547,146.10741832557784,143.78746342805067,144.09351189018338,65447400.0,AAPL,51.156381863663995,0.2590467438253654,3.879037187842294,154.0409704705779,134.64650358948072,-2.8727569580078125
2022-12-05,144.75491333007812,148.99004656094093,143.90591033158032,145.8803345082114,68826400.0,AAPL,49.53165279296802,0.1922180226396506,4.041221195111938,153.73891340726087,135.7630122519188,-4.6003875732421875
2022-12-06,141.08248901367188,145.4163496587564,140.10514358274577,145.18929508684244,64727200.0,AAPL,44.71073416861456,-0.15528810635183277,4.046155591461505,153.39002470121554,136.50579896821804,-5.0347747802734375
2022-12-07,139.13768005371094,141.53659829976584,138.20969824104947,140.37169521657745,69721100.0,AAPL,42.35944513038586,-0.5809225334918722,4.0898750878724615,153.22537632845908,136.8126058492753,-9.121856689453125
2022-12-08,140.8258056640625,141.68469046865562,139.2956388988772,140.5395207716393,62128300.0,AAPL,45.06025109098546,-0.7731113091035695,3.89595854071928,151.78615050995546,139.01988434111877,-8.312332153320312
2022-12-09,140.34207153320312,143.70846830830249,139.0981746838461,140.51976247530513,76097000.0,AAPL,44.417991201626414,-0.9534646530376563,4.0327591842318276,151.94352333680578,138.3975334869247,-5.8739166259765625
2022-12-12,142.6422882080078,142.65215490653637,139.2561427186447,140.87517003337655,70462700.0,AAPL,48.19895414292084,-0.9004083683515773,4.023594197459843,151.65879798857014,138.1679232028361,0.2665557861328125
2022-12-13,143.6097412109375,148.05219553159674,142.39547458111565,147.5882046530128,93886200.0,AAPL,49.74731874341155,-0.7714032519865839,4.181547381953193,151.5068572377785,138.0424591684715,4.2449798583984375
2022-12-14,141.378662109375,144.78454109797417,139.35487413932952,143.49129555982842,82291200.0,AAPL,46.30956191987883,-0.8395177671872602,4.393797626892168,151.1393160981954,137.7357357816874,-4.7583160400390625
2022-12-15,134.75445556640625,139.98668286120417,134.29046466082826,139.3055040822211,98931900.0,AAPL,37.92888449215633,-1.4117434190805795,4.621562081572724,151.6947469171466,135.96702066097842,-11.658966064453125
2022-12-16,132.78988647460938,135.8897316869335,132.01986228619933,134.94201656134896,160156900.0,AAPL,35.856391103722785,-2.0006978782391514,4.564444874583996,151.9540734614631,134.10742251021657,-13.129959106445312
2022-12-19,130.67726135253906,133.47107341378072,129.64070069453433,133.38222793972224,79592600.0,AAPL,33.722451892745866,-2.6078579585058606,4.523545889541964,152.0798574477797,132.1138345688219,-14.077651977539062
2022-12-20,130.608154296875,131.54600271059752,128.22896969448558,129.70978773625592,77432800.0,AAPL,33.65189983444577,-3.059346812630963,4.184368282509378,152.34468750756506,130.2980935593295,-10.474334716796875
2022-12-21,133.71786499023438,135.06047393891612,131.05239555108,131.27945009767515,85928000.0,AAPL,39.759382461764545,-3.1301449557073795,4.324692637856793,151.6090322938681,129.57958159773347,-5.4198150634765625
2022-12-22,130.5390625,132.83926868979583,128.63375022087482,132.63196256739838,77852100.0,AAPL,36.101060307417946,-3.403522104567088,4.500275249753282,150.78194894059246,128.54675741927085,-10.2867431640625
2022-12-23,130.17379760742188,130.72663401357696,127.98218538040544,129.24581575552057,63814900.0,AAPL,35.69464093105482,-3.6080578439127464,4.333154707168347,150.29979559782558,127.42469170686192,-10.16827392578125
2022-12-27,128.36717224121094,129.72952959065904,127.07392696075074,129.69991443642402,69007800.0,AAPL,33.67529505321936,-3.871307437070328,4.175202176501242,150.38236353847856,125.94126774814254,-14.275115966796875
2022-12-28,124.42820739746094,129.3543934066322,124.26038315698912,128.01178441919723,85438400.0,AAPL,29.726615870852072,-4.347659072383891,4.301424332996006,151.0676984259697,123.76227746514361,-19.181533813476562
2022-12-29,127.9525375366211,128.81140708653544,126.096581838728,126.35325151497662,75703700.0,AAPL,36.86042163767734,-4.39017992573207,4.432580709719565,150.13479493427397,122.87673689556001,-13.426124572753906
2022-12-30,128.26844787597656,128.28819633379305,125.80042540883515,126.767896482437,77034200.0,AAPL,37.473151283214726,-4.348262619367006,4.280971945469673,148.86140025987157,122.33563419447415,-6.4860076904296875
2023-01-03,123.4706039428711,129.2260441509053,122.5821116407929,128.61397753423014,112117500.0,AAPL,32.340100701375036,-4.648602563523951,4.512966254199725,147.86027487359237,121.09183541693497,-9.319282531738281
2023-01-04,124.74413299560548,127.0147240465149,123.4805025968435,125.26735425148368,89113600.0,AAPL,34.88958992991964,-4.729344047605167,4.362066193711348,146.61393845560573,120.33709380147437,-5.9331283569335795
2023-01-05,123.4212417602539,126.13607477860468,123.16457206143644,125.50425969688034,80962700.0,AAPL,33.47839680332035,-4.844237171598763,4.18648303360589,145.95038131376853,119.23452621796977,-7.186912536621094
2023-01-06,127.9624252319336,128.6238555191488,123.29291630250204,124.39859654565812,87754700.0,AAPL,42.13133572729866,-4.516788519760638,4.060964588470178,145.17194730442185,118.89543474513869,-5.755439758300781
2023-01-09,128.48565673828125,131.70397802412538,128.22898699932043,128.8015718603827,70790800.0,AAPL,43.050515065523385,-4.167027791805481,4.051799116431437,143.9620853322283,118.87128182475415,-2.05340576171875
2023-01-10,129.05821228027344,129.5814334016857,126.4815885226744,128.5942214648839,63896200.0,AAPL,44.09692277104694,-3.7998372888690994,3.999618556414645,142.70351599686973,119.00146523481969,-1.1155853271484375
2023-01-11,131.78297424316406,131.8027076431601,128.7917222043787,129.57161328681664,69458900.0,AAPL,48.90817548370829,-3.2514895041855425,3.9777580151767498,140.80355880949853,119.81549102570656,3.415802001953125
2023-01-12,131.70394897460938,132.54307008824253,129.75914024116136,132.16793979306604,71379600.0,AAPL,48.77705813662357,-2.791122292546845,3.858587315536753,138.18777083027607,121.2406997812962,7.2757415771484375
2023-01-13,133.03668212890625,133.19463966232263,129.97633400317605,130.3415976184994,57809700.0,AAPL,51.15531056604536,-2.2923131737686617,3.725315236235826,135.98654960947994,122.60772300404545,5.084144592285156
2023-01-17,134.2016143798828,135.53434166770566,132.4147629011091,133.1058083537203,63646600.0,AAPL,53.20069517625573,-1.782456013123607,3.7521102457661866,135.86790680115965,122.67108169371338,5.93316650390625
2023-01-18,133.48095703125,136.83747220518643,133.3032510170013,135.0703691429246,69672800.0,AAPL,51.75679282915331,-1.4201707211915107,3.7831352844457586,135.98678055238219,122.62131499815492,10.010353088378906
2023-01-19,133.54017639160156,134.50763996952077,132.05935833689125,132.3653916580124,58280400.0,AAPL,51.87238659619829,-1.1154206349922333,3.59415466894479,136.37203992123523,122.52234713320814,8.79604339599608
2023-01-20,136.10693359375,136.2550244536786,132.50361529041555,133.55005775379874,80223600.0,AAPL,56.71361250481513,-0.6591894158898981,3.549026774243972,137.25132609766712,122.19293888646376,12.685691833496094
2023-01-23,139.3054962158203,141.4872415250396,136.136538833656,136.3537266947968,81760300.0,AAPL,61.86202571827844,-0.03907518131819643,3.7556365604105215,138.50644133846615,121.4965867682233,11.343070983886719
2023-01-24,140.70733642578125,141.32928485597137,138.50585770726414,138.51572440513698,66435100.0,AAPL,63.889184151398915,0.5590423147256729,3.4827433203101523,140.27281643130559,120.74703906796198,12.2216796875
2023-01-25,140.04591369628906,140.60861677861874,137.03491367991992,139.0883167228264,65799300.0,AAPL,62.20903129329605,0.9685189692196445,3.491907794754261,141.65287837108332,120.35418873707096,10.987701416015625
2023-01-26,142.1190643310547,142.4053492196724,140.08539469738815,141.33915831562229,54105100.0,AAPL,65.29016424441377,1.443676296519925,3.4481887094839103,143.35158301634934,120.03067330078935,10.336090087890625
2023-01-27,144.06387329101562,145.34725220094586,141.2503274776649,141.3293062635936,70555800.0,AAPL,67.9315461952718,1.954639859768946,3.360044817100637,145.04347346196874,120.30234944452542,12.35992431640625
2023-01-30,141.1713104248047,143.6887039381187,141.0232346561164,143.1062524963994,64015300.0,AAPL,60.55096958930615,2.101946583986887,3.30997952015117,146.050191662652,120.61750853266048,8.134628295898438
2023-01-31,142.44480895996094,142.4941725713441,140.46051831709534,140.87514553812727,65874500.0,AAPL,62.483563891585774,2.294993654665973,3.2338230469538467,147.1447225454698,120.94061375824116,8.243194580078125
2023-02-01,143.57022094726562,144.73513883503225,139.5127944552672,142.1288999932449,77663600.0,AAPL,64.15478282684322,2.509864040599325,3.3917772570241067,147.81445777595712,122.28084022819326,10.089263916015625
2023-02-02,148.89132690429688,149.24670877710787,146.27520596359832,146.99586653400996,118339000.0,AAPL,70.78207597087325,3.0740830342350876,3.598388541507041,149.4781129342044,123.03190446081511,15.351150512695312
2023-02-03,152.5242919921875,155.36746808076367,145.9395881196466,146.13702755609475,154357300.0,AAPL,74.27864998223129,3.770911847835748,4.041929563076361,151.38437386105923,124.03594855715367,16.4173583984375
2023-02-06,149.78970336914062,151.14219433077403,148.8518547888618,150.61897306818702,69858300.0,AAPL,67.71019957492045,4.055743172347235,4.081419451414157,152.68259828783317,124.92045194410042,10.484207153320312
2023-02-07,152.67234802246094,153.24493285853742,148.71363285221915,148.71363285221915,83322600.0,AAPL,70.65599203241146,4.462636881305201,4.152639366995095,154.31568183265412,125.70603752769743,11.965011596679688
2023-02-08,149.97726440429688,152.60325227526124,149.2368553096487,151.91220679965525,64120100.0,AAPL,64.71188459090247,4.5155795625861685,4.223154444151005,155.04531208056278,127.06831249219113,9.931350708007812
2023-02-09,148.94068908691406,152.35644968138112,148.49644664158131,151.81347999768036,56007100.0,AAPL,62.532873985297435,4.422909506219213,4.230911149617916,155.6099002868895,128.2194957702394,6.821624755859375
2023-02-10,149.3065185546875,149.63279778324025,147.5367173791987,147.77401547814478,57450700.0,AAPL,63.006314480147964,4.3290842115521855,3.996323469100198,155.9800676579053,129.60958535723142,5.242645263671875
2023-02-13,152.114501953125,152.51986548450935,149.21754595699727,149.24720633522875,62199000.0,AAPL,66.50493164914926,4.430238747952785,4.03053006758626,156.72016049076427,130.7772745067943,10.943191528320312
2023-02-14,151.47181701660156,152.03539434579272,149.15821711991074,150.40399819813007,61707600.0,AAPL,64.98996390243875,4.4077355123279744,3.9793773595400403,157.20138902061714,132.0230662406133,9.027008056640625
2023-02-15,153.5778045654297,153.74588507311654,151.15544476328222,151.38284602819238,65573800.0,AAPL,67.59494546501949,4.5078731747811105,3.995877701429397,157.66168353999294,133.57245647465552,10.007583618164062
2023-02-16,151.97604370117188,154.566483327967,151.6201041650226,151.77828778035447,68167900.0,AAPL,63.712011754905504,4.407181038816077,3.913695875691072,157.46142836777545,135.61629837783,3.084716796875
2023-02-17,150.8291778564453,151.27409865869694,149.1483575553481,150.63143695396278,59144100.0,AAPL,61.00964746203719,4.186579029705001,3.898484983614253,157.17373616201203,137.376215009863,-1.6951141357421875
2023-02-21,146.8050537109375,149.59324968756485,146.73585119733022,148.50565230235682,58867200.0,AAPL,52.58205434552484,3.6450196430993174,4.045604441104705,156.8188596858067,138.48104723558,-2.984649658203125
2023-02-22,147.23019409179688,148.25845552223066,145.4999353225789,147.19063687139987,51011300.0,AAPL,53.31575857209725,3.213096625364585,3.869616999668042,156.54993512694503,139.40225756104323,-5.4421539306640625
2023-02-23,147.71469116210938,148.6440899304933,145.5790684516341,148.39691004897256,48394200.0,AAPL,54.18576449967767,2.876728253826826,3.683083688883538,156.08394502902112,140.6351254055492,-2.2625732421875
2023-02-24,145.05503845214844,145.52961956815125,144.07620075664735,145.4505202010405,55469600.0,AAPL,48.808450632954084,2.3682425242909346,3.269555863479606,155.832726483626,141.17994136305367,-3.885650634765625
2023-02-27,146.25137329101562,147.48727255329774,145.7866739614647,146.04375066348234,44998500.0,AAPL,51.15645995235622,2.0383018683614296,3.1809699276098633,155.72495073532855,141.50646711135113,-3.055145263671875
2023-02-28,145.74713134765625,147.3982909462784,145.17367228142913,145.39119175781394,50547000.0,AAPL,50.11312459459102,1.7163484146061023,3.016206974647791,155.19950673776134,142.48949320120352,-6.36737060546875
2023-03-01,143.67079162597656,145.56913077323014,143.37417283401166,145.17364910838256,55479000.0,AAPL,45.95673072075946,1.2789122161782416,2.9403116747072437,155.01997742601952,142.79162077954686,-7.801025390625
2023-03-02,144.26405334472656,145.05503189340783,142.27671766674902,142.75131384795435,52238100.0,AAPL,47.301645799053745,0.9689427708580922,2.8630481880543153,154.93388055442037,142.94710089089213,-9.313751220703125
2023-03-03,149.3262939453125,149.4053933099208,145.66803508048022,146.3700174255545,70732300.0,AAPL,57.10989514135295,1.1188725949889715,3.0805667281366516,154.95803400796225,142.96644414145183,-2.649749755859375
2023-03-06,152.09471130371094,154.53684949594242,151.72888994336137,152.05515407809082,87558000.0,AAPL,61.346840901408754,1.444430706929694,3.216869301216497,154.88568852000856,142.99583156055786,1.265533447265625
2023-03-07,149.88987731933594,152.29245838395036,149.4251779626418,151.96617914925054,56182000.0,AAPL,56.55506685987541,1.507152662466666,3.2105118432232325,154.89387673562248,142.99766073996346,3.0848236083984375
2023-03-08,151.1455535888672,151.73879135670416,150.11729188950133,151.08623282941613,47204800.0,AAPL,58.541195516064974,1.6392861743460685,3.157545680904225,154.65307295479218,143.0857850774344,3.9153594970703125
2023-03-09,148.89125061035156,152.79668921738386,148.53531102339875,151.82774843104707,53833600.0,AAPL,53.78712260875545,1.5442978201324422,3.251474183121419,154.57532308520967,143.05493356762236,1.1765594482421875
2023-03-10,146.8248291015625,149.23730682187812,145.94486944980744,148.51554589298388,68572400.0,AAPL,49.79519208131599,1.2874351678949267,3.2846706992819117,154.5371441544749,142.88152649982197,1.7697906494140625
2023-03-13,148.77261352539062,151.4124925875259,146.03385648579933,146.1426162263365,84457100.0,AAPL,53.31251167566008,1.226896688778936,3.3764785166113023,154.5038185293801,142.86146162198708,2.521240234375
2023-03-14,150.86866760253906,151.66952778576984,148.4067663113716,149.57344779147112,73695900.0,AAPL,56.818500436137754,1.3326911208249328,3.4124957505217646,154.31212448539236,142.92857223091625,5.1215362548828125
2023-03-15,151.26419067382812,151.5212522938301,148.2288147892157,149.48449268664993,77167900.0,AAPL,57.46755966898499,1.4319428311538331,3.428739752361421,154.2805628843476,142.93937119768367,7.5933990478515625
2023-03-16,154.09190368652344,154.6950230424289,149.92938893729746,150.4435271800346,76161100.0,AAPL,61.8791700663213,1.7189582538641162,3.5092500166235214,154.40488934084337,142.86645465329727,9.827850341796875
2023-03-17,153.2515106201172,154.97188784795392,152.53963142836827,154.31932940774055,98944600.0,AAPL,59.890926014458394,1.8571987164581003,3.509251610797546,154.6494991930688,142.74939149296634,3.9252166748046875
2023-03-20,155.62442016601562,156.03969557063917,152.4110822679711,153.32071734921686,73641400.0,AAPL,63.46091057662771,2.1336340430468965,3.6095369420703185,155.59518565253862,142.28322926445358,3.5297088623046875
2023-03-21,157.48321533203125,157.60185682514813,154.7741189081368,155.54533387337614,73938300.0,AAPL,66.01286707564756,2.474179465520308,3.642021185167942,157.05674081777482,141.88949026132673,7.5933380126953125
2023-03-22,156.0496063232422,160.3109851135221,156.0298277082381,157.50302524945468,75701800.0,AAPL,62.393451681401736,2.5984308076058085,3.7493671264983135,157.96013063880372,141.8680416634424,4.904052734375
2023-03-23,157.1371612548828,159.72761624709543,155.9012620500719,157.03829837049406,67622100.0,AAPL,64.0057596843543,2.7529234968623086,3.655439571628977,158.97413496098255,141.79628435054087,8.24591064453125
2023-03-24,158.44227600097656,158.53125712176995,156.06935559319226,157.06795670652497,59196500.0,AAPL,65.89540217599153,2.9467041477133478,3.4591071414823893,159.97469032625904,142.13445274014722,11.617446899414062
2023-03-27,156.49449157714844,158.9564080964957,156.08911303822106,158.13576925671327,52390300.0,AAPL,60.76798835878904,2.9095671064768567,3.459108186979967,160.5018905062543,142.63156438876524,7.7218780517578125
2023-03-28,155.87161254882812,156.7021483382564,154.2204529064242,156.18801000892674,45992200.0,AAPL,59.18206969800422,2.7976253185597386,3.504306858013107,160.76372690390744,143.38217611122926,5.0029449462890625
2023-03-29,158.95643615722656,159.23327640666747,157.5524562960156,157.5722198233599,51305700.0,AAPL,64.16943335493292,2.9241226635275837,3.4400415482884097,161.09453053291352,144.57993693534817,7.6922454833984375
2023-03-30,160.52845764160156,160.6372173623024,159.45075728253036,159.7078188557058,49501700.0,AAPL,66.42107692886069,3.1153103580419668,3.3249232506459214,161.54846136402787,145.75244653392136,6.436553955078125
2023-03-31,163.039794921875,163.13867287949554,160.08353408091384,160.60755406565474,68749800.0,AAPL,69.69719843046136,3.429933772306754,3.158959157564147,162.99767540252552,145.67458259307998,9.788284301757812
2023-04-03,164.29550170898438,164.4141432098461,162.36750188667764,162.41694087425697,56976200.0,AAPL,71.20973796660138,3.737516375932529,3.072093432476304,164.6043095756702,145.28802746046262,8.67108154296875
2023-04-04,163.76161193847656,164.9579540581038,163.24747358574663,164.7206710388915,46278300.0,AAPL,69.6186378175056,3.8933176207164024,2.959096501600789,165.7507522035189,145.52875829452796,6.2783966064453125
2023-04-05,161.9126739501953,163.18813034939654,159.97479248917713,162.88162976736427,51511700.0,AAPL,64.26341712821238,3.82352220237118,2.8891811690413607,166.4272020985655,145.92902043561418,5.863067626953125
2023-04-06,162.8025360107422,163.09915484076092,160.17253885078875,160.5976809407093,45390100.0,AAPL,65.63357690100977,3.796252426989099,2.9244925669261113,166.9268690126623,146.82048206155642,5.665374755859375
2023-04-10,160.2021942138672,160.2021942138672,158.2741945090455,159.59907481013732,47716900.0,AAPL,58.56707974077353,3.5241904091813296,2.9887588668567275,166.50114856601633,148.5839390194329,1.759918212890625
2023-04-11,158.98606872558594,160.52846844172586,158.69933167596588,160.51858667978223,47644200.0,AAPL,55.554556289787016,3.173861833096595,2.9174302131959178,166.01596140519763,150.0904717002711,2.4915771484375
2023-04-12,158.29396057128906,160.2318418847326,157.97756316447288,159.40132132182822,50133100.0,AAPL,53.85671540105612,2.8080076049598404,2.772653164265612,165.63352036354408,151.2154420387997,2.4223480224609375
2023-04-13,163.6923828125,163.92968090167284,159.59908506589906,159.8067227797579,68445600.0,AAPL,63.28268073877977,2.9200129599355193,2.901893602362772,165.78332270633857,152.30845890987237,4.7359466552734375
2023-04-14,163.34634399414062,164.44382316709542,161.9720245871667,162.73332768738865,49386500.0,AAPL,62.40271957879751,2.946885705988251,2.9026005346021315,166.08266663501146,152.93455901196117,2.8178863525390625
2023-04-17,163.36610412597656,163.52430285260365,162.17964384959518,163.22768401184308,41516200.0,AAPL,62.434842390466436,2.935933415481003,2.793840816368834,166.09970081597038,153.9289841815882,0.3263092041015625
2023-04-18,164.59213256835938,165.5215312907478,163.78137535549732,164.2263111895451,49923000.0,AAPL,64.46358134601746,2.991697469142821,2.7705359401501943,166.50753943592534,154.41791680186762,0.296630859375
2023-04-19,165.73904418945312,166.26306428456468,163.67260909854727,163.92968580784367,47720200.0,AAPL,66.2972480875895,3.0927853616529433,2.7154496064486273,167.1853758892829,154.56566323425227,1.9774322509765625
2023-04-20,164.7700653076172,165.97630406053003,163.6923648914332,164.2163849134918,52456400.0,AAPL,63.32430742523633,3.059442399551159,2.758532318164413,167.4192355096267,155.20384951234595,2.857391357421875
2023-04-21,163.15850830078125,164.57237004978649,162.6344881335745,163.18816868106364,58337300.0,AAPL,58.61641995682403,2.8698963016377377,2.6928493449830535,167.44115275480007,155.78406697176243,0.3559722900390625
2023-04-24,163.46498107910156,163.73193954278202,162.04122272168698,163.13870186497232,41949600.0,AAPL,59.23707724117762,2.713134124031569,2.6674261662635246,167.54817384170263,156.17931639267238,3.262786865234375
2023-04-25,161.92259216308594,164.4339329839802,161.883034935673,163.32657200300784,48714100.0,AAPL,54.78396223421379,2.436356275067851,2.727455993117098,167.22770059299015,157.04259969997858,2.9365234375
2023-04-26,161.9126739501953,163.41553157370114,160.96351183078312,161.2205734284031,45498800.0,AAPL,54.755457177306575,2.1909515926569156,2.6321131569469975,166.59664913148424,158.27775730162125,3.61871337890625
2023-04-27,166.51025390625,166.6585557959531,163.32657592288362,163.32657592288362,64902300.0,AAPL,64.08439515706691,2.340473372531278,2.762060718074543,167.0151622279437,158.61462598006412,2.81787109375
2023-04-28,167.7659149169922,167.9340105056485,165.98623191391812,166.58935140303254,55209200.0,AAPL,66.137953318675,2.5311146952552406,2.5777347959340915,167.77577085282843,158.57776308271843,4.4195709228515625
2023-05-01,167.67694091796875,168.52724031442625,166.73766038490427,167.3704402785473,52472900.0,AAPL,65.85063772785142,2.644535302079788,2.5749093076313767,168.42699310681107,158.39025542834517,4.3108367919921875
2023-05-02,166.63876342773438,168.42835824019505,165.65004401355455,168.17128153704527,48425700.0,AAPL,62.44201800301973,2.620442868865723,2.6123404152300043,168.73704694880388,158.31452775822737,2.046630859375
2023-05-03,165.56105041503906,168.9919077307227,165.27432844465707,167.58792807875122,65136000.0,AAPL,59.026312479471464,2.4857330256611476,2.47533034063585,168.90570226297288,158.32581629171463,-0.1779937744140625
2023-05-04,163.91976928710938,165.1556684360722,162.45646891900202,163.02992793451995,81235400.0,AAPL,54.16671269628288,2.220935274761075,2.520529120357872,168.94582895295636,158.48639913542254,-0.8502960205078125
2023-05-05,171.6120147705078,172.33377562947254,168.8337008869275,169.05122033812108,113316400.0,AAPL,67.62127201316883,2.6017892660391055,3.02548250174035,170.44010674635499,157.8730692180005,8.453506469726562
2023-05-08,171.54281616210938,171.88887398730245,170.1684967974759,170.53431814830344,55962800.0,AAPL,67.42950788550013,2.86500900821045,2.9944075035300153,171.52966963272837,157.9175685264513,8.077835083007812
2023-05-09,169.83233642578125,171.58235891028352,169.66425593732595,171.09789605728315,45326900.0,AAPL,62.69654703187824,2.902137100652311,2.9463823454543125,171.87260329329132,158.6592616359079,7.9097442626953125
2023-05-10,171.60214233398438,172.06684167430913,169.96086445482297,171.06824047843108,53724500.0,AAPL,65.4024987680209,3.039334372585614,2.9428513511279584,172.25610076462866,159.6065823408401,9.689468383789062
2023-05-11,171.79002380371094,172.62054461453832,170.2278450862042,171.88890179452224,49514700.0,AAPL,65.68705753219291,3.1271765191487475,2.961217233577346,173.08034201710117,159.59210518748867,5.2797698974609375
2023-05-12,170.8593292236328,172.3345492571858,169.3048853057611,171.89890853860956,45497800.0,AAPL,62.92606198848779,3.0861179322145063,3.0568563143151795,173.59039381409036,159.83335191344872,3.093414306640625
2023-05-15,170.36424255371094,171.49294089893274,169.77018443200447,171.4434335375363,37266700.0,AAPL,61.446471341207065,2.9792859951957382,2.9977033442166845,173.93566137512823,160.1878981951843,2.6873016357421875
2023-05-16,170.36424255371094,171.42362757147254,170.09691488819047,170.2850337969817,42110300.0,AAPL,61.446471341207065,2.8616337824864786,2.9173242685284015,174.2722030988217,160.42856747002594,3.7254791259765625
2023-05-17,170.97811889648438,171.21573009717264,168.7306172756303,170.00783790944186,57951600.0,AAPL,62.7074342678818,2.7858151043459145,2.755840766798727,174.67255453253037,160.5521235070204,5.4170684814453125
2023-05-18,173.31472778320312,173.50284672542747,170.86921174934298,171.2850464654308,65496700.0,AAPL,67.11613707833212,2.88106197591884,2.804830508538306,175.40320553696296,160.67593875014643,9.39495849609375
2023-05-19,173.4236297607422,174.6414324508558,173.20580942819797,174.6414324508558,55772400.0,AAPL,67.31010792986481,2.931540315377447,2.779547872333725,175.91495556690097,161.1907008662045,1.811614990234375
2023-05-22,172.47315979003906,172.97811385055638,171.73059450812943,172.25533943207657,43570900.0,AAPL,63.77431546152117,2.8618600387675315,2.702027945617457,176.15394286332534,161.8525314408739,0.9303436279296875
2023-05-23,169.85931396484375,171.66127945739515,169.5820908286863,171.41375772100255,50747300.0,AAPL,55.18850392288464,2.5661415221627806,2.642991493852254,175.73007813453776,163.07006834983721,0.0269775390625
2023-05-24,170.13656616210938,170.71081850153183,168.82965902663756,169.39400082609367,45143500.0,AAPL,55.867202156576745,2.3273264320444866,2.5556042066277707,175.07139037905904,164.55114532650737,-1.465576171875
2023-05-25,171.27516174316406,172.17612946392208,169.9880455752579,170.70090944955888,56058300.0,AAPL,58.63777963833101,2.204526491186442,2.1108954599349863,175.10787365345894,164.99115283579889,-0.514862060546875
2023-05-26,173.6909637451172,174.02760482348145,171.39396964747598,171.60189457506775,54835000.0,AAPL,63.826663327759526,2.2759064523089023,2.1846144521129043,175.53336888204473,165.15816249002557,2.831634521484375
2023-05-30,175.5424346923828,177.21568420222022,174.81967538543662,175.20580872558915,55964400.0,AAPL,67.22065385926294,2.45359035550797,2.2993728438375802,176.25681588705407,165.22126486245764,5.178192138671875
2023-05-31,175.492919921875,177.57210865507508,175.00777185545402,175.57212869440465,99625300.0,AAPL,67.03949676177564,2.560890350902554,2.322932240344236,176.735032040004,165.6284643589218,5.1286773681640625
2023-06-01,178.3047637939453,178.33446519527467,175.17608525533697,175.9384564736909,68901800.0,AAPL,71.70320142499452,2.8400799969078605,2.3776236983159214,177.5774070351226,166.0604607016938,7.3266448974609375
2023-06-02,179.15621948242188,179.97799341291704,177.48297022337377,179.2354282464183,61945900.0,AAPL,72.95127321070562,3.0943751306433853,2.3394350724672472,177.9579313579989,167.20358139834875,5.84149169921875
2023-06-05,177.79981994628906,183.1165821425977,176.275077551752,180.8195882273271,121946500.0,AAPL,67.81950378850695,3.150142863529368,2.7050599384613503,178.72519985384568,167.0550934200801,4.376190185546875
2023-06-06,177.43348693847656,178.33445457100666,175.6711182885981,178.18594757320713,64848400.0,AAPL,66.45973224430836,3.1287133218506824,2.8005330526846706,179.32032084126013,167.04903951030235,4.9603271484375
2023-06-07,176.05726623535156,179.41366034455214,175.56222276728346,176.67111530134713,61944600.0,AAPL,61.473250463773994,2.9664849545100935,2.8981276780936946,179.54650236362238,167.44535096889717,6.1979522705078125
2023-06-08,178.780029296875,179.0473419280775,175.70085790805388,176.136483528079,50214900.0,AAPL,66.7833000795298,3.022777333102539,2.949045466946489,180.272792217556,167.4368498112526,8.643463134765625
2023-06-09,179.16616821289062,180.423567952115,178.83943765707895,179.70080859942686,48870700.0,AAPL,67.46810053007574,3.06323654799985,2.963896583559501,180.9807816289087,167.46647484081785,7.8910064697265625
2023-06-12,181.9680633544922,182.0670780867689,179.17602617310777,179.4730552624109,54274900.0,AAPL,71.98187281107694,3.283539687229478,3.0501733422213237,182.16850831110332,167.3896215717092,8.277099609375
2023-06-13,181.49282836914065,182.32449774459167,180.63145759510397,180.98788948565831,54929100.0,AAPL,70.20267156940464,3.380812122982718,2.9645998556595328,182.99619489791232,167.67479356644313,5.950393676757841
2023-06-14,182.12649536132812,182.56213604593384,180.21563475820471,181.5522431050323,57462900.0,AAPL,71.22400976231002,3.4690438811635147,2.997838556576308,183.78084508170306,168.06636866341412,6.633575439453125
2023-06-15,184.1660919189453,184.67104599748652,181.95820196536692,182.136425495302,65433200.0,AAPL,74.2798686481312,3.661340922725742,3.03532142396598,184.89319571852522,168.27281532883805,5.861328125
2023-06-16,183.0868682861328,185.13635542691415,182.4433178422068,184.878923163322,101235600.0,AAPL,70.04139336349179,3.6841844014151093,3.031078174279549,185.715141860244,168.42808323741224,3.9306488037109375
2023-06-20,183.1759796142578,184.2551858622496,182.58193651385488,182.58193651385488,49799100.0,AAPL,70.19263392539045,3.6672053023308138,2.89883023794324,186.43350329579613,168.68495678721166,5.37615966796875
2023-06-21,182.13641357421875,183.57203672168455,180.77998409317425,183.0670826761933,49515700.0,AAPL,66.00628147170167,3.5291827308818142,2.9150956542924717,186.80221755851832,169.28256790290746,4.7029266357421875
2023-06-22,185.1462554931641,185.1957628610581,181.84926421078353,181.91857754734076,51245300.0,AAPL,71.33654906319268,3.6209281316182,2.9285327050308205,187.22109572657166,170.39238388768615,9.088989257812528
2023-06-23,184.82943725585935,185.7007186660485,183.17599374881704,183.7106491987163,53079300.0,AAPL,70.09070993352815,3.62627104338884,2.9306542570085474,187.30924606028623,171.77352066334657,6.049407958984347
2023-06-26,183.43341064453125,186.18585111473345,183.3937987069229,184.97794384564872,48088700.0,AAPL,64.72656346882127,3.477768113036092,2.6414076725060363,187.04765316267947,173.25093845109006,4.267242431640625
2023-06-27,186.1957550048828,186.52248552112175,183.8294477274505,184.04726807160984,50730800.0,AAPL,69.67247106814182,3.5421449329525956,2.671817572090461,187.47207557944827,174.0769951602978,4.227691650390625
2023-06-28,187.3739776611328,188.01752821246563,185.74034004157735,186.06705547946467,51216800.0,AAPL,71.50757979810844,3.6462055600757424,2.5593711859204324,188.20638726940797,174.52583776721315,5.881149291992159
2023-06-29,187.7105712890625,188.1858238773272,187.0670208486372,187.20563240999925,46347300.0,AAPL,72.02830284171922,3.7130331150632117,2.4002511151108883,188.79096941590223,175.1630207574376,5.584075927734375
2023-06-30,192.0471649169922,192.55210381756805,189.36402266288647,189.73036510372253,85069600.0,AAPL,77.68644385630122,4.069016211198033,2.6286792489155704,190.5983716837275,174.72985860191702,7.881072998046875
2023-07-03,190.5521545410156,191.95807629669292,189.8590815409033,191.85906155166865,31458200.0,AAPL,72.25979364156831,4.182289704260569,2.577763070502042,191.72473039650515,174.74309339499877,7.465286254882784
2023-07-05,189.433349609375,191.06698713435688,188.7303811843197,189.6709759307026,46920300.0,AAPL,68.40862701010981,4.134125925597374,2.6237320562555766,192.33285525445496,175.29832150335756,6.2573699951171875
2023-07-06,189.9085693359375,190.11649423604223,187.32444187549908,187.95809689875657,45094300.0,AAPL,69.16047162298182,4.087187491150019,2.65555713288515,192.8146826237805,176.0640023737781,7.77215576171875
2023-07-07,188.789794921875,190.7600736263988,188.35416930217096,189.5125693591173,46778000.0,AAPL,65.22491759240856,3.914587767413906,2.633632868035739,192.66760421851853,177.48433364769238,3.643539428710909
2023-07-10,186.7403259277344,188.10665094106523,185.18588195082552,187.383876490736,59922200.0,AAPL,58.64170293022182,3.5712589727329487,2.698695395631605,192.4885447425739,178.45942278672297,1.9108886718750568
2023-07-11,186.2155609130859,187.4234682366511,184.75023641356677,187.28485666382537,46638100.0,AAPL,57.05382380768803,3.219709471768965,2.7701227152522927,192.18414273325345,179.46876406606293,2.782150268554659
2023-07-12,187.88880920410156,189.7996698114742,186.60169311695756,187.79968989475896,60750200.0,AAPL,60.70727426062376,3.04106560138797,2.8266981631007195,192.2716779050043,179.97330347927306,1.69305419921875
2023-07-13,188.65115356445312,189.2947191217671,187.8986929500458,188.61155673528532,41342300.0,AAPL,62.28164479016079,2.9272602319563816,2.688084682200073,192.3205164095371,180.64029749427146,1.2771759033203125
2023-07-14,188.79969787597656,189.28483085110776,187.75020804300397,188.34425119556795,41573900.0,AAPL,62.59613044875539,2.8165870786833125,2.617363102976668,192.36201416933292,181.2661199859405,1.0891265869140625
2023-07-17,192.0669708251953,192.39370132812152,189.9085734412509,189.9976776399959,50520200.0,AAPL,68.76497743915462,2.9584166431086487,2.6746453204291254,193.07899287227121,181.33922917362725,0.019805908203125
2023-07-18,191.80953979492188,192.40359800546008,190.51252831302557,191.433317028607,48353800.0,AAPL,67.81594847789992,3.0152867137550174,2.5890735215608407,193.52170067660091,181.76878852017643,1.2573852539062784
2023-07-19,193.16595458984375,196.26491622319193,190.74022966968735,191.1857808476927,80507300.0,AAPL,70.15330377228716,3.1336848243833515,2.821037691747719,194.11915237756344,182.1703343167725,3.73260498046875
2023-07-20,191.2154998779297,194.52238670645607,190.5917402572243,193.1560618639693,59581200.0,AAPL,63.061211691482086,3.035143540029111,3.021883650357846,194.00342179674087,183.19397352796616,1.3069305419921875
2023-07-21,190.03732299804688,193.03728574359653,189.3343545000906,192.1759147891903,71917800.0,AAPL,59.16998102447948,2.8293646796466305,2.9405549871435874,194.02838389302346,183.65811818217188,1.247528076171875
2023-07-24,190.83924865722656,192.9778399722658,190.34420521064493,191.49270963252084,45377800.0,AAPL,60.93683395634971,2.699869731308354,2.9943002441528757,194.0378632530488,184.24961996228322,4.098922729492159
2023-07-25,191.7006378173828,192.51251639930572,191.00757994716116,191.4135192381226,37283200.0,AAPL,62.79902861161519,2.636360633775894,2.946918943584446,193.76952852064505,185.34467741197216,5.485076904296903
2023-07-26,192.5718994140625,193.70059786031172,191.40360413966724,191.75012548540775,47471900.0,AAPL,64.6353988811069,2.62606114759501,2.911557612163112,193.98095431419765,185.77086605933752,4.6830902099609375
2023-07-27,191.3046112060547,195.24515323301043,190.6412547294524,194.07685782549473,47460200.0,AAPL,59.996217536354685,2.486970910802029,3.068557196400982,194.04744575954743,186.09743796847994,2.6534576416015625
2023-07-28,193.88873291015625,194.68080550669023,192.2154835157043,192.7402284005584,48291400.0,AAPL,65.44288268759315,2.5557962924361277,3.052291577085701,194.53954481000926,186.22315508012747,5.0890350341796875
2023-07-31,194.5025634765625,194.542175411758,193.32435767868785,194.11643019980357,38824100.0,AAPL,66.60598647231873,2.629559969470307,2.9483334277989734,195.0006281999851,186.00761154610865,2.4355926513671875
2023-08-01,193.67092895507812,194.77982161953312,193.3441984148306,194.2946886325988,35175100.0,AAPL,63.4882253953843,2.5910443133590775,2.7948701639642763,195.37461217819774,185.94550500930225,1.86138916015625
2023-08-02,190.6709442138672,193.24516118654293,189.94818497968632,193.1065496196106,50389300.0,AAPL,53.71959807899448,2.2920256368977334,2.960358310944725,195.40105306643142,186.04282358151778,-2.4950103759765625
2023-08-03,189.27493286132812,190.46303425792703,188.79969532419432,189.67097673188036,61235200.0,AAPL,49.87395684355261,1.9202690658277959,2.9844030310568024,195.40103308414407,185.97947991634422,-1.9405670166015625
2023-08-04,180.1859436035156,185.52251207833032,180.11663025996506,183.68094960257173,115799700.0,AAPL,33.2064719349103,0.8820758107671054,3.3818529702866664,196.88436923585482,183.63575863279755,-9.851379394531278
2023-08-07,177.07708740234375,181.3146590660809,175.59195672278543,180.3245719463754,97576100.0,AAPL,29.566739879412737,-0.18937553401227092,3.6555410167767355,198.5449078921926,181.0088961239207,-13.762161254882812
2023-08-08,178.0176544189453,178.48299654054432,175.81965996172053,177.90874423926195,67823000.0,AAPL,31.995356916339446,-0.9516426029964293,3.4511588757281078,199.4967609178922,179.23725244880703,-13.6829833984375
2023-08-09,176.42359924316406,179.13642786663587,175.2552887650224,179.07702506576103,60378500.0,AAPL,30.101005538621422,-1.6651765587814111,3.447622636612514,200.45728180932232,177.13021056128312,-16.148300170898438
2023-08-10,176.20578002929688,178.95822060931928,175.8394526832055,177.70080592181807,54686900.0,AAPL,29.841010758907487,-2.2226126544909164,3.405896685370217,201.12380299467344,175.21915202241638,-15.098831176757812
2023-08-11,176.26527404785156,177.08815781935616,175.03591791571532,175.7993186650753,51988100.0,AAPL,30.01880871218934,-2.629275455580995,3.342448323186068,201.5400970801861,173.54941555409127,-17.623458862304688
2023-08-14,177.9209747314453,178.14899803745723,175.7894038505989,176.44374738395257,43675600.0,AAPL,34.958789458420995,-2.7858439722101025,3.3914716406702956,201.29277214212183,172.38214088278053,-16.581588745117188
2023-08-15,175.92816162109375,177.94075085454938,175.53159812671015,177.34590561297395,43622600.0,AAPL,32.02825625352369,-3.03573495019873,3.399482998327063,201.08173792273746,171.00503728478205,-17.742767333984375
2023-08-16,175.0557403564453,177.00883168990967,174.98633341606396,175.61093536777827,46964900.0,AAPL,30.8105728457992,-3.2665180685925748,3.2150972676333276,200.54683085148824,169.72892293269146,-15.615203857421875
2023-08-17,172.5077667236328,175.9876593304517,171.9922220355352,175.62083731111454,66062900.0,AAPL,27.519787599144422,-3.613362931848087,3.259328910081966,200.31331407429414,168.09166639445587,-16.767166137695312
2023-08-18,172.9935760498047,173.59834528388794,170.48527458580276,170.82235510894964,61114200.0,AAPL,29.075227802066124,-3.805175537361066,3.3947041218687537,199.957045849225,166.74355992470075,-7.192367553710909
2023-08-21,174.33197021484375,174.61949160968172,172.24998915809468,173.5685847246663,46311900.0,AAPL,33.32071620636496,-3.8053257588583165,3.461409782360505,199.20518309076073,165.84469483892678,-2.7451171875
2023-08-22,175.71006774902344,176.15620551446153,174.73847648439144,175.5415274877659,42084200.0,AAPL,37.471125487481615,-3.652144211619799,3.3258020198052174,198.0836318817717,165.36718904107985,-2.307586669921875
2023-08-23,179.5666961669922,179.9930163205811,176.80063007696822,176.98900304288458,52722800.0,AAPL,47.34815053147071,-3.182859032018115,3.4980662827969877,196.63228538512126,165.5180152130233,3.143096923828125
2023-08-24,174.86737060546875,179.54689311295104,174.50053343712446,179.12057292485625,54945800.0,AAPL,39.21885560544197,-3.1537885340241303,3.205770577690178,195.26206929009678,165.24450724798916,-1.338409423828125
2023-08-25,177.0782470703125,177.6136093916348,174.31218067560857,175.85879974601767,51449600.0,AAPL,44.083009182108924,-2.9187056790381973,3.032822461456661,193.0241181855545,165.80140976854707,0.8129730224609375
2023-08-28,178.64468383789062,179.04124736642365,177.018749166219,178.54553539179292,43820700.0,AAPL,47.30092356635066,-2.5763044330852836,2.987048291555293,190.23058969657265,167.00915029366175,0.7237091064453125
2023-08-29,182.5409698486328,183.31427930675537,177.9605961154563,178.1588778766287,53003900.0,AAPL,54.33962875926399,-1.9678669155064483,3.0922300122471222,187.50001624363466,168.6267278359552,6.6128082275390625
2023-08-30,186.04071044921875,186.23900735465395,183.1556780614674,183.35395983897268,60813900.0,AAPL,59.56393223942982,-1.1895634345588348,3.1336064108119337,186.12394667947152,169.5397740236535,10.984970092773438
2023-08-31,186.25880432128903,187.4980842034032,185.8721496031866,186.22906281435257,60794500.0,AAPL,59.872058090214495,-0.548827424824367,3.1031560319959164,185.16744057411893,170.1946672750022,13.751037597656222
2023-09-01,187.83517456054688,188.2912210727348,186.66528651811905,187.8649160666492,45732600.0,AAPL,62.11894265175979,0.08517849846762715,3.0797862151807323,186.77073674578466,169.35629419903958,14.841598510742188
2023-09-05,188.0731201171875,188.350717612699,186.00104769428793,186.66529992482816,45280000.0,AAPL,62.46062689000636,0.5999175027336605,3.0755374430787197,188.38220536010246,168.84442885620612,13.74114990234375
2023-09-06,181.3413543701172,187.2304149251444,179.91370149278592,186.78426205503197,81755800.0,AAPL,48.995872700496705,0.45935942650643824,3.513888896689853,188.6185555279906,168.94044868343516,5.63128662109375
2023-09-07,176.03724670410156,176.6816813943478,172.05171790486162,173.67765269377628,112488800.0,AAPL,41.419446442502334,-0.07911898750194268,3.892045980285502,188.62020840470748,168.90016055281203,-3.529449462890625
2023-09-08,176.65191650390625,178.69426259870855,176.26526175899272,176.82047189213844,65551300.0,AAPL,42.52854796348003,-0.451068655615245,3.859470637179917,188.6201761073714,168.94480649760905,1.7845458984375
2023-09-11,177.82180786132812,178.7537488345446,175.81912716109244,178.52572555213936,58953100.0,AAPL,44.67550630678495,-0.6440171630251541,3.899836295884569,188.63860318468977,169.08203280163838,0.743560791015625
2023-09-12,174.78805541992188,178.58521118121962,173.32075212571604,177.95070042200115,90370200.0,AAPL,40.455014170804375,-1.029857160874144,4.1455665641621255,188.64434645820575,168.76299759697002,-3.85662841796875
2023-09-13,172.7159881591797,175.77948480311008,172.48794973853728,174.99625134216151,84267900.0,AAPL,37.826568803933576,-1.4857103063606587,4.074751313663207,188.77216308148653,168.31396362749783,-9.824981689453125
2023-09-14,174.23284912109375,174.58976234555206,172.09136977434392,172.50776601489048,60895800.0,AAPL,40.856018617815884,-1.704925881431194,3.891339159473237,188.796490212076,168.2073473733732,-11.807861328125
2023-09-15,173.50909423828125,174.9863213204115,172.329312484714,174.96648860625493,109205100.0,AAPL,39.85807576822139,-1.9149820533326647,3.8453091680211844,188.7329246197638,168.37104571715028,-12.749710083007784
2023-09-18,176.4437255859375,177.84163701778533,174.659159409954,174.9664984209427,67257600.0,AAPL,45.65449737611999,-1.8236311739172777,4.010312352256859,188.62184400253375,168.82714128799358,-11.391448974609375
2023-09-19,177.5343017578125,178.08949677364237,175.61093679016653,175.99759154247158,51826900.0,AAPL,47.67284919916662,-1.6442803210756836,3.8049464088409133,188.58439742579972,169.1848210190245,-10.538818359375
2023-09-20,173.9849853515625,178.158871491594,173.8957457034938,177.72264255589144,58436200.0,AAPL,42.182063677086525,-1.7681613853470708,3.845309857560847,188.64654797123998,168.95016223383814,-7.3563690185546875
2023-09-21,172.43836975097656,174.78805492740332,172.3689779372214,173.0530629204369,63047900.0,AAPL,40.01908197033777,-1.9684459550041993,3.9019628854155144,188.68124593353502,168.20263162994155,-3.598876953125
2023-09-22,173.2909698486328,175.56133895987557,172.5573258740407,173.17200382635895,56725400.0,AAPL,41.791076061091516,-2.034917949594842,3.9798594895193173,188.7416075634408,167.98462992435216,-3.3609466552734375
2023-09-25,174.56993103027344,175.4522977411563,172.65647493916612,172.70604916227998,46172700.0,AAPL,44.44255448997499,-1.9617818060851846,4.011727552632111,188.74143349409704,167.733972389692,-3.2518768310546875
2023-09-26,170.48529052734375,173.6974948472255,170.18786027937264,173.3207639858642,64588900.0,AAPL,38.422920818649686,-2.207965188969922,3.741916990239198,188.88619286506875,166.77327368766564,-4.302764892578125
2023-09-27,168.96839904785156,171.55601650720317,167.60024410157126,171.1396202080804,66921800.0,AAPL,36.44851576942599,-2.4966874994063915,3.3609267002660794,188.64739181553944,165.65481765711684,-3.747589111328125
2023-09-28,169.2261505126953,170.5546549284134,166.18247183150447,167.88772217595067,56294400.0,AAPL,37.04053824871129,-2.6738807881721414,3.4834386432876476,187.52526597150865,165.09548750749525,-5.0066986083984375
2023-09-29,169.74168395996094,171.5857329254824,168.8791349237489,170.54473485773315,51814200.0,AAPL,38.279009066978084,-2.7411106877005125,3.467151238164886,186.02727595444296,164.94176548842816,-3.7674102783203125
2023-10-02,172.25994873046875,172.80523504700056,169.46412532275957,169.75164680235463,52164500.0,AAPL,44.06693078430494,-2.5616587391115786,3.3297691430747016,183.57546955191674,165.83604930794655,-4.18377685546875
2023-10-03,170.92149353027344,172.14095595651972,169.3550569046923,170.78269477378157,49594600.0,AAPL,41.82210432636945,-2.4986411459123303,3.3021517688749618,180.24910353952345,167.4472526616484,-6.6128082275390625
2023-10-04,172.170654296875,172.71594039205826,169.50372195419098,169.6226879648033,53020300.0,AAPL,44.655725861237684,-2.3211456924129266,3.353139330779186,178.76164809887226,168.0176380949754,-1.8143310546875
2023-10-05,173.40997314453125,173.94533544106068,171.19908676207933,172.29956799243436,48527900.0,AAPL,47.3933503799009,-2.0567674581782853,3.359513605299461,178.48418773892197,168.03237109896864,0.9716033935546875
2023-10-06,175.9678497314453,176.46356172729125,171.69479961979252,172.30949278163357,57224100.0,AAPL,52.60434831026928,-1.622147433446571,3.3906721287276502,178.364722376948,168.08342978369654,2.6768798828125
2023-10-09,177.45497131347656,177.51445432768062,174.2923266162491,175.29365932051672,42390800.0,AAPL,55.37216695109782,-1.1445163769454894,3.4437841092959127,178.27949065517967,168.1319778506797,2.885040283203125
2023-10-10,176.86012268066406,178.17871838563994,176.42389371024447,176.57261638357625,43698000.0,AAPL,54.01339894362109,-0.8047134016553343,3.264619744102717,178.5991572429408,168.0195179889928,6.3748321533203125
2023-10-11,178.25804138183594,178.30761560829964,176.0769115688026,176.6717569025772,47551100.0,AAPL,56.70232290259719,-0.4178005941219567,3.2511645333395114,179.30837035626254,167.86451019793665,9.289642333984375
2023-10-12,179.16021728515625,180.7762279340573,177.50452608120557,178.52570660256114,56743100.0,AAPL,58.39317558654686,-0.03793407064293319,3.261788293621848,180.07279006326382,167.59282730734162,9.934066772460938
2023-10-13,177.31619262695312,180.3697653062864,176.61227491408687,179.86414450043375,51427100.0,AAPL,53.77097028244688,0.11301276642149105,3.3304788357796604,180.45101368031197,167.5953135291607,7.5745086669921875
2023-10-16,177.1873016357422,177.5442148871955,174.99624790055657,175.2341951108354,52517000.0,AAPL,53.45248048548116,0.21970616064692194,3.1994714240466697,180.55539271259795,167.56529210185516,4.9273529052734375
2023-10-17,175.63075256347656,176.88986525789463,173.3009152798367,175.1350405719026,57549400.0,AAPL,49.62941494797117,0.17662492060696877,3.194515277637641,180.29967514320123,167.63065475181833,4.709259033203125
2023-10-18,174.33197021484375,176.0570532000882,173.608235023302,174.07420545389226,54764400.0,AAPL,46.63239363252096,0.037252423583794325,3.0571320690574453,180.31915327282263,167.64587510852505,2.16131591796875
2023-10-19,173.9552764892578,176.31485552292168,173.68758775067354,174.53028914557814,59302900.0,AAPL,45.76909765243701,-0.10241672368718469,3.0514656240942037,180.35335394858495,167.76336510659084,0.5453033447265625
2023-10-20,171.39739990234375,173.91561041088508,171.1594526769345,173.80655315689722,64189300.0,AAPL,40.31177296276741,-0.41472411126088105,3.0125166303857975,180.36336151510295,167.56400054544395,-4.5704498291015625
2023-10-23,171.51634216308594,172.51767489960218,168.4726633962427,169.4442697526279,55980100.0,AAPL,40.666057286828725,-0.645194914215125,3.0939537502131578,180.29492960661932,167.32707356720883,-5.938629150390625
2023-10-24,171.95257568359375,172.18059896074934,169.97963653831405,171.56592094062157,43816600.0,AAPL,42.025215241176035,-0.7836113033357606,3.021721177682301,180.24182360677864,167.5269080826745,-4.9075469970703125
2023-10-25,169.63265991210938,171.57584256593557,169.18650699014253,170.4059694558874,57157000.0,AAPL,37.15129372304903,-1.0681916548924448,3.0231368930015776,180.17302267037067,167.6621351055082,-8.625381469726562
2023-10-26,165.458740234375,169.91023915738614,164.24920182104776,168.9088912991807,70625300.0,AAPL,30.334732904166827,-1.6119425980123196,3.0868708379186955,180.75851578175312,166.69990096629377,-13.70147705078125
2023-10-27,166.77732849121094,167.5109876180873,165.3992498850538,165.4785656118454,58499100.0,AAPL,34.42790700887464,-1.9144020503613604,3.007557268033125,181.07403207832454,166.08794912284736,-10.538864135742188
2023-10-30,168.82958984375,169.7020478229813,167.42176954958222,167.57049222945847,51131000.0,AAPL,40.3065703478077,-1.9658420028498256,3.091121172059904,181.18167988475807,165.6372654277419,-8.357711791992188
2023-10-31,169.30548095703125,169.43435579022267,166.4600837859852,167.89766069037708,44846000.0,AAPL,41.6137336864256,-1.9457783782089564,3.1442331695413617,181.24210308354736,165.4152409716284,-6.3252716064453125
2023-11-01,172.47804260253906,172.73580740860805,168.66105397183955,169.5335119738121,56934900.0,AAPL,49.54582325197219,-1.6548030609345972,3.201593996963989,181.2491923098805,165.43889057586168,-1.8539276123046875
2023-11-02,176.0471649169922,176.25535548295753,173.95525969593038,174.01474271477764,77334800.0,AAPL,56.67658087909825,-1.123256481735524,3.203009888979626,181.47312409029703,165.47867797269126,2.091888427734375
2023-11-03,175.1350555419922,175.3036109461129,171.86336822029236,172.74573503559924,79763700.0,AAPL,54.55460643437432,-0.7667628273005107,3.3198548682696907,181.38539228635074,165.48313035769223,3.7376556396484375
2023-11-06,177.69290161132812,177.8911833660216,174.69881232122145,174.86735256910734,63841300.0,AAPL,59.17113935017602,-0.2746759434821797,3.2702823460478805,181.4232879750499,165.46902769877823,6.1765594482421875
2023-11-07,180.26071166992188,180.87538968418903,177.4351473327296,177.64333789269085,70530000.0,AAPL,63.21142614288691,0.3188319723713562,3.3410983585245395,182.0325768437071,165.1997977290468,8.308135986328125
2023-11-08,181.321533203125,181.87672821790488,180.03267898856913,180.78617090399572,49340300.0,AAPL,64.76277936851255,0.864821578923852,3.2851541768879406,182.64066937918406,164.89805437569876,11.688873291015625
2023-11-09,180.8456573486328,182.5409839345967,180.2507968912838,181.39094357988108,53763500.0,AAPL,63.469772859617926,1.2447740904921147,3.249037264815769,182.9692198382005,164.73804792302997,15.386917114257812
2023-11-10,185.04489135742188,185.2136688107188,182.19576071339824,182.63256439705196,66133400.0,AAPL,69.2953671034287,1.8632538527866984,3.2721086904390893,184.55065970888046,163.9294779253969,18.267562866210938
2023-11-13,183.45651245117188,184.67756614585693,182.8708053693486,184.46910132249656,43627500.0,AAPL,65.06841976796356,2.1998758181566984,3.2701889451275172,185.59656339284984,163.51049532297046,14.626922607421875
2023-11-14,186.0773468017578,186.74247420260892,184.9456350058848,186.33545119454976,60108400.0,AAPL,68.48442137900491,2.6476105732009216,3.307324163555076,187.2624543406042,162.88926379904424,16.771865844726562
2023-11-15,186.6431884765625,188.12236184083608,186.414864785386,186.4843631662735,53790500.0,AAPL,69.18507124571505,3.013366078155002,3.0490368566079247,188.9190519833982,162.46378798242213,14.165145874023438
2023-11-16,188.33084106445312,189.57175373642215,187.2785343944212,188.191859451107,54412900.0,AAPL,71.23885508191903,3.400213861661257,3.1073816799526486,190.7556842636422,162.06471215969765,12.283676147460938
2023-11-17,188.3109893798828,188.99597562451044,187.1991364308411,188.8669158544037,50922700.0,AAPL,71.17875944011357,3.6629672458481934,3.026818812945432,192.3326204295953,162.17913494149843,13.175933837890625
2023-11-20,190.05816650390625,190.51482899547432,188.49958819031184,188.50951003765908,46505100.0,AAPL,73.31257542318559,3.966460895821598,2.9717879280421493,194.03411984462466,162.33181796055115,12.365264892578125
2023-11-21,189.25405883789065,190.1276661417232,188.36060783923185,190.0184652287441,38134500.0,AAPL,70.71759706738797,4.094893646565112,2.806952561308068,195.3495725404642,162.74651358014128,8.993347167968778
2023-11-22,189.9191741943359,191.52739194971423,189.44266803493824,190.09787347152113,39617700.0,AAPL,71.6126477065626,4.201909777188092,2.6995254349798614,196.42162027147646,163.70311727735168,8.597640991210909
2023-11-24,188.5889434814453,189.51217522879531,187.87417657801197,189.4823945368072,24048300.0,AAPL,67.18925593800654,4.131754041722644,2.5467540720958692,196.46358787166503,165.9741700018701,7.7432861328125
2023-11-27,188.4102478027344,189.28385517880056,187.52671857843467,188.5393075690696,40552600.0,AAPL,66.59417820304974,4.015448279831503,2.444237326064851,196.24525574588378,168.3557940588037,3.3653564453125284
2023-11-28,189.01580810546875,189.690872461515,188.023077989058,188.4003202806091,38415400.0,AAPL,67.64012299617781,3.926872242330546,2.317633906136105,196.01639010159113,170.60328152926826,5.559295654296875
2023-11-29,187.99330139160156,190.6935285788745,187.5962153955331,189.5121772909601,43014200.0,AAPL,63.996477417249245,3.7311568939819324,2.40715275999365,195.24919836300734,173.23925531130908,1.91595458984375
2023-11-30,188.569091796875,188.93641225844013,186.82189215984647,188.45989087281944,48794400.0,AAPL,65.13541310101121,3.5812303497536107,2.394605121085133,194.70153907808879,175.39601951566124,1.9259033203125
2023-12-01,189.8496856689453,190.1673513837194,187.8542887267033,188.9462977571769,45679300.0,AAPL,67.59098006875038,3.525110427691402,2.2478230635801424,194.6250752596934,176.85273540925192,1.5188446044921875
2023-12-04,188.05287170410156,188.6683747194466,186.08727017888344,188.5988763355123,43389500.0,AAPL,61.089527435080875,3.2976340422398494,2.361275170865042,193.77822689573088,178.99136538942537,-0.25811767578125
2023-12-05,192.01385498046875,192.9867262414063,188.79740398889692,188.82719982806023,66628400.0,AAPL,68.32304668446284,3.3978078016989457,2.4789817984270206,193.67881621533832,180.522871406732,1.9556884765625
2023-12-06,190.92185974121097,193.3441084564195,190.71337975554792,193.03636454966008,41089700.0,AAPL,64.74932442466442,3.3504593286084514,2.520818488555114,193.57503216562415,181.69277026357506,1.6678009033203125
2023-12-07,192.8576812744141,193.5823700079149,192.18261692775607,192.22233461466143,47477700.0,AAPL,67.94979366509236,3.429605583638022,2.5016717033297056,193.80108904447545,182.62032819185268,2.938507080078182
2023-12-08,194.2872009277344,194.56516412443645,192.26202318278135,192.78816888710017,53377300.0,AAPL,70.10808213504518,3.5665666893119408,2.537836113900117,193.95271161662663,183.81285997761165,5.698257446289091
2023-12-11,191.77560424804688,192.08336332058192,190.02840462687192,191.70612101402028,60943700.0,AAPL,62.184763830556754,3.4328724735621563,2.6846187342766155,194.1068682847521,184.33177459854866,3.3653564453124716
2023-12-12,193.29449462890625,193.30441647720016,190.3262260201535,191.6763396332624,52696900.0,AAPL,64.7772891630089,3.4101702839286077,2.7711281738877074,194.11280678520095,185.3096343158733,4.2786865234375
2023-12-13,196.52084350585935,196.5605460420224,193.43345250504257,193.67169801773704,70404200.0,AAPL,69.55235608602926,3.610893888685723,2.8420366239800336,195.25417141638212,185.21261935510228,8.527542114257784
2023-12-14,196.6697540283203,198.16877097511053,194.733933428728,196.58041195784497,66831600.0,AAPL,69.7561506030127,3.738885086356305,2.941310904698505,196.22633329887546,185.24311402778469,8.100662231445312
2023-12-15,196.1336975097656,196.95765018105735,195.56783406915136,196.09397982207716,128256700.0,AAPL,67.99187789016148,3.753792369816267,2.915073726951369,196.99316627449326,185.25656669669814,6.284011840820284
2023-12-18,194.4658966064453,195.20052232582975,192.9768014723469,194.66443959475328,55751900.0,AAPL,62.68019819696027,3.5896496580762403,3.021438124448634,197.32508537298412,185.54013832086355,6.41302490234375
2023-12-19,195.50828552246097,195.51820737110475,194.46591579616015,194.73395718814848,40714100.0,AAPL,64.54455097896354,3.503293661744692,2.8753665231142094,197.82949078411218,185.58074481159093,3.494430541992216
2023-12-20,193.4136199951172,196.24289187855896,193.4136199951172,195.4685635611656,52242800.0,AAPL,58.24752052567558,3.2286164298251094,2.926420222031932,197.96913118442353,185.85706052700226,2.4917602539062216
2023-12-21,193.26466369628903,195.647224718029,192.0932496001896,194.6743535867769,46482500.0,AAPL,57.815554317417416,2.9647375669636347,3.0150568263764534,198.08914156123345,186.07159910038766,0.40698242187494316
2023-12-22,192.1925506591797,193.98938969071887,191.56712585784612,193.7610508645393,37122800.0,AAPL,54.67280271234204,2.638683998320289,2.9193317080058017,198.04025290967064,186.48084846972387,-2.094650268554716
2023-12-26,191.6465759277344,192.48046569413555,191.42817406303007,192.2025024386685,28919300.0,AAPL,53.090113414500884,2.3096049104266285,2.642077214705854,197.92264442905613,186.9220897628384,-0.12902832031247158
2023-12-27,191.74581909179688,192.09328069742187,189.7007974418798,191.09062871652011,48087700.0,AAPL,53.354443955180145,2.03337596393456,2.625059682896603,197.83408110699236,187.28365418353496,-1.548675537109375
2023-12-28,192.17269897460935,193.24484932489415,191.76567598880632,192.72862541967712,34049900.0,AAPL,54.54101159118712,1.8278379940704212,2.54209682335327,197.5935096376259,187.9421654112022,-4.34814453125
2023-12-29,191.1303253173828,192.98672576072192,190.33613820624777,192.4903607097449,42628800.0,AAPL,51.121321734906786,1.5628215949500373,2.566914438554631,197.37597823102567,188.41582016985325,-5.5394287109375
2024-01-02,184.2904357910156,187.07008341179335,182.55315792151217,185.78945295661444,82488700.0,AAPL,35.4253545949188,0.7917455183797131,2.8753695167694997,198.39569959946857,186.84017381361735,-11.84326171875
2024-01-03,182.9105224609375,184.5286773848404,182.0964765011294,182.88074176951616,58414500.0,AAPL,33.2100045993115,0.06852478797358685,2.8363702615312394,199.32900211247517,185.39263637629438,-11.555374145507812
2024-01-04,180.58755493164065,181.7589693006513,179.56504403399205,180.82580048582,71983600.0,AAPL,29.828321055064535,-0.684190000726943,2.842043619661904,200.52660385743002,183.05240462645668,-14.920730590820312
2024-01-05,179.86282348632812,181.4313387856725,178.8601715873943,180.66694755236284,62303300.0,AAPL,28.841583233951894,-1.3239401071614054,2.780352880511594,201.47557082123694,180.99753403716147,-13.550796508789062
2024-01-08,184.21099853515625,184.2507162227342,180.18051667398524,180.76622380895435,59144500.0,AAPL,41.372644859853004,-1.463218219621922,2.99450121083303,201.47607213819316,180.1323644462795,-9.053665161132784
2024-01-09,183.79405212402344,183.80397397190293,181.40156892129536,182.58292017691045,42841800.0,AAPL,40.63371031023108,-1.588925078766863,2.9696821805789,201.25778004898677,179.3013416551148,-8.39849853515625
2024-01-10,184.83642578125,185.0448906262594,182.58292413922769,183.00980597306068,46792900.0,AAPL,43.357436570982635,-1.5861536358820842,3.070371875034062,201.14779954212298,178.7174043152989,-6.810150146484403
2024-01-11,184.24075317382812,185.6901456082781,182.2850739032984,185.18384362434097,49128400.0,AAPL,42.16684302660714,-1.613424495343537,3.1115004337153414,200.85351708278034,178.1063126291337,-7.50506591796875
2024-01-12,184.56837463378903,185.382420570264,183.84368591687615,184.7073562390581,40444700.0,AAPL,43.092434464896385,-1.5902689041515998,2.967554686254516,199.9501196751544,177.8144631495526,-7.6043243408203125
2024-01-16,182.2950439453125,182.9204536449405,179.61466039771227,180.83572939974707,65603000.0,AAPL,38.489264625623846,-1.735352653675676,3.1483725721976605,198.96585144747067,177.3612603689356,-8.835281372070312
2024-01-17,181.3519287109375,181.6001112377356,178.98924135636386,179.95219077216925,47317400.0,AAPL,36.736049342782806,-1.904480423097084,3.309337640615029,197.9498815328103,176.89905340371314,-2.9385070800780966
2024-01-18,187.2586975097656,187.7649844451159,184.47904999387188,184.7371543858006,78005800.0,AAPL,51.6046255736888,-1.5440892223315927,3.5965213890890544,197.0543573946453,177.07385763221015,4.348175048828097
2024-01-19,190.16737365722656,190.55453778649465,187.4473029046773,187.9535897974558,68741000.0,AAPL,56.96796233587079,-1.0121038399135216,3.7248649636341815,196.09872042318173,177.4954034171503,9.579818725585909
2024-01-22,192.48043823242188,193.90997199821769,190.86228332421425,190.9020010109637,60133900.0,AAPL,60.69807623278055,-0.3992542569218074,3.802865734099679,195.92074893058333,177.58005673347918,12.61761474609375
2024-01-23,193.76104736328125,194.3269107729025,192.4208708604592,193.602222064805,42355600.0,AAPL,62.62947902061872,0.18760531007100667,3.326356628140583,196.0221691445182,177.5282748862435,9.550048828125
2024-01-24,193.08599853515625,194.9523359132993,192.92715808853583,193.99930838143553,53631300.0,AAPL,60.92970419946846,0.5914075678921904,3.2972835525014728,196.18491540205034,177.45487341630903,9.291946411132812
2024-01-25,192.75840759277344,194.84314692565724,191.70611607825748,193.80077725921535,54822100.0,AAPL,60.07757321874355,0.8749045600361569,3.282394439676781,196.37340224371545,177.37756974114782,7.9219818115234375
2024-01-26,191.0211181640625,193.3441028913112,190.54461197208147,192.85767485186383,44594000.0,AAPL,55.63390329822815,0.948459974838272,3.2987032768876037,196.264182321865,177.41431957022485,6.780364990234375
2024-01-29,190.3361358642578,190.80272021826383,188.20177223046255,190.614099077556,47145600.0,AAPL,53.93983513539131,0.9406377377348463,3.186664219544308,195.98753229534404,177.50731328571064,5.767761230468778
2024-01-30,186.6729736328125,190.40564874926815,186.10712531543376,189.55190020112775,55859400.0,AAPL,45.89183051126885,0.6315716162680474,3.2930280638281295,195.53163454254653,177.51747587005113,4.3779296875
2024-01-31,183.05943298339844,185.7398164976455,183.0098085943538,185.6802399646441,55467800.0,AAPL,39.6130118358766,0.09396874432491131,3.3788279603586284,195.5508284445669,177.37518168726905,1.7075042724609375
2024-02-01,185.5015563964844,185.59089847447947,182.483663406168,182.6524257138898,64885400.0,AAPL,45.08165226861929,-0.13348769212879574,3.357553914882327,195.53993642509366,177.645177100297,-1.7571411132811932
2024-02-02,184.4989013671875,185.96813772334343,177.9468764270477,178.55244241438749,102518000.0,AAPL,43.34603489582973,-0.3901569516062011,3.82059153223289,195.345331299655,178.23091686929033,-5.6684722900390625
2024-02-05,186.31558227539065,187.87417583998953,184.48896248395175,186.78216664518396,69668800.0,AAPL,47.30460742933169,-0.4418844533730919,3.7085557550872488,195.0314761115389,179.19004793631268,-6.164855957031222
2024-02-06,187.92381286621097,187.9337347140823,185.4122068995574,185.50154897397763,43490800.0,AAPL,50.59560975931187,-0.34908407909796324,3.652536128342697,195.1041897339416,179.48861574701544,-5.837234497070284
2024-02-07,188.0330352783203,189.66111223902985,187.2388480699071,189.2540892118872,53439000.0,AAPL,50.82025125352773,-0.2636861680406355,3.3674795879815775,195.14407160009773,179.87263219628898,-5.0529632568359375
2024-02-08,186.9509429931641,188.16205980044833,185.98799356738817,188.0131563419714,40962000.0,AAPL,48.46886225630184,-0.28009475428410724,3.287352870576657,195.1519537593579,180.0762017582202,-5.807464599609347
2024-02-09,187.71630859375,188.8494643803939,186.8714052160575,187.5174970927484,45155200.0,AAPL,50.22316395376317,-0.22870371549038282,3.1613143579584624,195.15663943950997,180.41907162006035,-3.3048095703125
2024-02-12,186.02651977539065,187.53739935899367,185.66868027314752,187.288900125969,41781900.0,AAPL,46.46233356715786,-0.3206317393759264,3.171427815684118,195.12351671577312,180.59800885795732,-4.309616088867159
2024-02-13,183.92918395996097,185.09217370700773,182.4083698811328,184.6548126341336,56529500.0,AAPL,42.23494794353556,-0.5563100369344909,3.2852115349337163,194.97469096355388,180.9102486116414,-2.743789672851534
2024-02-14,183.0445251464844,184.41624573755993,181.34479892181088,184.20751487981576,54630500.0,AAPL,40.558666141396266,-0.8051896336815503,3.2805269612443806,194.7597228653934,181.2944763533566,-0.014907836914034078
2024-02-15,182.7562713623047,183.3824942652778,180.26134459364147,182.44813474883824,65434500.0,AAPL,40.00156260404907,-1.0139994243588717,3.303502586416282,194.93214582233838,180.6718107816655,-2.745285034179716
2024-02-16,181.21554565429688,183.7403059011213,180.57938833891825,182.31888265706775,49701400.0,AAPL,37.07055881384516,-1.2889481837977428,3.3279005598879325,194.96692311011523,179.7418506935957,-3.283355712890625
2024-02-20,180.47006225585935,181.33483464555084,178.91942962585208,180.69867728023533,53665600.0,AAPL,35.707253278653425,-1.5491437714523215,3.193392101735388,194.55630939119578,178.9514268148589,-5.845520019531307
2024-02-21,181.22552490234375,181.79209525720324,179.57548638259638,180.8478012209779,41529700.0,AAPL,38.18807764223162,-1.6750818267732086,3.090066661460258,193.5649181897716,178.68926577018934,-6.698287963867216
2024-02-22,183.26321411132812,183.8496838430312,181.3646914504941,182.3785574262725,52292200.0,AAPL,44.417938176818346,-1.5921112856181878,3.055561223772827,192.40627561923233,178.86562989834582,-4.7698211669921875
2024-02-23,181.42430114746097,183.9291621764045,181.1360335803032,183.89934348562096,45119700.0,AAPL,40.4552585060877,-1.6556560691742561,2.6821231737589386,191.19619547478507,178.94229939826178,-5.526641845703125
2024-02-26,180.0724639892578,181.66284976948523,179.56551591408572,181.14598235368476,40867400.0,AAPL,37.78646641888976,-1.7944128544475006,2.590131780856205,190.3592982609767,178.68433119458973,-7.6438446044921875
2024-02-27,181.5336456298828,182.81589486499632,178.48206808634893,180.01283169575817,54318900.0,AAPL,42.22314691590029,-1.7661147877661563,2.7195817068649535,189.37539350770638,178.78798692442254,-4.492874145507841
2024-02-28,180.33091735839844,182.02070906977036,179.0486680197237,181.4143703487687,48953900.0,AAPL,39.71270187900207,-1.8197614091710648,2.7588514840738054,189.16347836953534,178.36569643515216,-3.5982666015625284
2024-02-29,179.66493225097656,181.47401381447335,178.45225486971108,180.18181486443112,136682600.0,AAPL,38.35288678086324,-1.8941812332664938,2.819400963481099,189.29226547320866,177.89745925823667,-3.379592895507841
2024-03-01,178.58148193359375,179.44625436004063,176.31517027538305,178.47214167082092,73488000.0,AAPL,36.18230657036429,-2.01733033748269,2.9173797357137494,189.28891859357657,177.20879869157966,-4.1747894287109375
2024-03-04,174.0488739013672,175.8380562970389,172.74672514229152,175.0925585764457,81510100.0,AAPL,28.831043178280282,-2.452400728399681,3.1878889121923026,189.9942824597705,175.45843207880375,-7.1666717529296875
2024-03-05,169.09873962402344,171.00721175997333,168.60174119797853,169.73489700267342,95132400.0,AAPL,23.270420105843286,-3.1602027635968284,3.3185305414159325,191.14385938244715,172.58717089099036,-11.371322631835909
2024-03-06,168.104736328125,170.21201988746688,167.6673753032203,170.03309257401145,68587700.0,AAPL,22.338718417041605,-3.758028521175163,3.2809018105943273,191.5559047501005,170.1932178695284,-13.12078857421875
2024-03-07,167.98545837402344,169.7050685827557,167.47852546870348,168.13455182641533,71765100.0,AAPL,22.223731960817773,-4.193099039591601,3.2170013421954615,191.45004402489334,168.29432090430586,-15.277755737304688
2024-03-08,169.705078125,172.6572499858552,167.92583043526673,167.9854678195768,76114600.0,AAPL,27.979478048622383,-4.349004006482829,3.3291800556515625,190.93167678804193,167.08810165434087,-11.719223022460966
2024-03-11,171.7129669189453,173.33318674250597,171.01717211248007,171.9018287593836,60139500.0,AAPL,34.11088465886034,-4.261417008302459,3.41580174120922,189.81508232192843,166.6043619529739,-8.3594970703125
2024-03-12,172.19007873535156,172.98527928876703,169.9834044040384,172.1105571632911,59825400.0,AAPL,35.51571203582384,-4.106171357612453,3.4718921705036325,188.8065740101598,166.22922616073862,-9.34356689453125
2024-03-13,170.10269165039062,172.1503228051375,169.73490248954016,171.73284593382695,52488700.0,AAPL,32.2736259007867,-4.104261383278299,3.4598219780124873,188.1554804282857,165.49767051165568,-10.228225708007812
2024-03-14,171.96145629882812,173.26358975503445,171.0171623179081,171.87200022180366,72913500.0,AAPL,37.725206235169345,-3.907715233331686,3.486091228622667,187.40321555393862,165.14162850123714,-7.7034759521484375
2024-03-15,171.58372497558594,171.58372497558594,169.2677105816515,170.14243263043366,121664700.0,AAPL,37.072142517380684,-3.7393261304317775,3.528692075892461,186.59305038820648,164.83453902829743,-6.9977569580078125
2024-03-18,172.67715454101562,176.6432079045962,172.4783581807999,174.51605499918875,75604200.0,AAPL,40.294197659148786,-3.4775587923940634,3.5805246580612384,185.92452609633182,164.64922420884398,-1.3717193603515625
2024-03-19,175.02297973632812,175.54979689128342,171.9912860926869,173.29341963294198,55215200.0,AAPL,46.61014215536468,-3.0457087678963717,3.622415354386228,185.36855772173573,164.66048433148694,5.9242401123046875
2024-03-20,177.597412109375,177.597412109375,174.0389016316341,174.66512448913912,53423100.0,AAPL,52.5433476480346,-2.4672879751506116,3.660754749598987,184.85063117868904,164.81559959523676,9.49267578125
2024-03-21,170.3412322998047,176.42450322724187,169.81441519205438,175.98714219427453,106181300.0,AAPL,39.29003888856256,-2.5648326041029748,3.9774143882937807,183.56141621820422,164.81261637456925,2.35577392578125
2024-03-22,171.24578857421875,172.0111704512642,169.0391141931604,170.7289059277682,71106600.0,AAPL,41.2784949215349,-2.5398692618291534,3.772935778779608,182.48621429352636,164.86996704192285,1.54071044921875
2024-03-25,169.82437133789062,170.90782428626645,168.43276661931924,169.54605342761408,54288300.0,AAPL,39.11068059594209,-2.6047561177965974,3.584785011030383,181.5916037072917,164.7397683630208,-1.8885955810546875
2024-03-26,168.69122314453125,170.39094937582044,168.5619986920605,168.97947557636294,57388400.0,AAPL,37.4233852258931,-2.716303155784999,3.5336640181384786,180.1873292813682,164.85980054040914,-3.4988555908203125
2024-03-27,172.2696075439453,172.55787515067234,169.08882036385705,169.38702247981306,60273300.0,AAPL,45.42977051772288,-2.48728737128377,3.6508146532876844,178.8458420153597,165.39515682497236,2.1669158935546875
2024-03-28,170.45057678222656,171.1960744249358,169.4863986176142,170.71896018041463,65672700.0,AAPL,42.45603981023724,-2.424621761896759,3.511656751555015,177.3991849606776,165.92037833277942,-1.5108795166015625
2024-04-01,169.00927734375,170.22195467216173,168.46257606173032,170.16231728997553,46240500.0,AAPL,40.21011473443501,-2.4628692110372867,3.3945061874828917,176.0153141881224,166.34702864635025,-2.5744476318359375
2024-04-02,167.82643127441406,168.3234297194346,167.22009256480143,168.0649959882119,49329500.0,AAPL,38.414118779801505,-2.5591263666239,3.307885465641458,175.72796895847767,166.0121296132997,-4.8507232666015625
2024-04-03,168.63156127929688,169.6553768320082,167.56799252573734,167.7767233727702,47691700.0,AAPL,40.36657915697161,-2.5411507887980065,3.281614612817133,175.74479848242447,165.9485822548802,-6.39141845703125
2024-04-04,167.8065643310547,170.88794562795422,167.8065643310547,169.2677258236611,53704400.0,AAPL,39.00212073879246,-2.5639200978961867,3.275934840835398,175.7667068998808,165.89685663771687,-9.790847778320312
2024-04-05,168.56199645996094,169.36713152382467,167.9357735582051,168.5719309687928,42055200.0,AAPL,40.96973904404273,-2.4922784454774956,3.194993517663495,175.7318520549919,165.9893652911995,-1.77923583984375
2024-04-08,167.4387664794922,168.18426411757292,167.23003563445502,168.01528647300387,37425500.0,AAPL,38.95751962904754,-2.49734930375692,2.9287419388417555,175.83245731491442,165.6621288667262,-3.8070220947265625
2024-04-09,168.65145874023438,169.05900112515698,167.33939066831408,167.6872804964856,42451200.0,AAPL,42.255078337424095,-2.376123393531941,2.797391914430782,175.74093060731764,165.4475047564519,-1.17291259765625
2024-04-10,166.77281188964844,168.0749455051257,166.10683573391543,167.78669305483746,49709300.0,AAPL,38.76172373473066,-2.4039310656983446,2.7249713807577853,175.68226500901085,164.96444367018836,-1.9184112548828125
2024-04-11,173.9892120361328,174.4067040844594,167.1505236254001,167.3294357885208,91070300.0,AAPL,54.3678424296196,-1.822655229463038,2.7143210434356666,176.11927234155422,164.9160883762192,1.7196044921875
2024-04-12,175.4901580810547,177.28929006742356,173.16420894399843,173.21389665591337,101593300.0,AAPL,56.83197079100654,-1.2267351008579794,2.79667996238719,176.6952234936784,164.6930074023177,5.039581298828125
2024-04-15,171.65330505371094,175.56965476374435,171.46444324020368,174.3072746159751,73531800.0,AAPL,49.47685998642029,-1.0519399697919027,2.8889792172901303,176.70095424726162,164.694234656547,2.6440277099609375
2024-04-16,168.3632049560547,172.71690119832985,167.25986775641732,170.71897282804144,73711200.0,AAPL,44.19498492497309,-1.1654624250968197,3.1481279857296016,176.49577163354678,164.4680223117657,0.536773681640625
2024-04-17,166.99147033691406,169.62555591523414,166.99147033691406,168.59180586766368,50901200.0,AAPL,42.1734964293549,-1.3505490200951442,3.060087526599529,175.88645543421563,164.27418757115544,-1.6400909423828125
2024-04-18,166.03721618652344,167.62761710838,165.55016746918514,167.02127846323074,43122900.0,AAPL,40.77621515859934,-1.5562918513062414,3.0096761489469412,174.38593204754025,164.6186913655457,-1.76934814453125
2024-04-19,164.0094757080078,165.40106519259456,163.0950004513954,165.21221853676252,67772100.0,AAPL,37.902491610917934,-1.8615079327200874,3.0778343642777832,174.6291980720329,163.74224968187335,-4.552520751953125
2024-04-22,164.84445190429688,166.2559257648484,163.78088304598398,164.52638076461832,48116400.0,AAPL,39.78437908126733,-2.0128157878820048,3.1268242171289153,174.54670816858356,163.18460591833048,-2.5943145751953125
2024-04-23,165.8980712890625,166.0471799196536,163.92996173620628,164.3573882766078,49537800.0,AAPL,42.166128577357455,-2.0243743469833078,3.128955208355805,174.48076028385248,162.85792379817877,-2.753387451171875
2024-04-24,168.00537109375,168.28368903028098,165.2122420517991,165.54024770277562,48251800.0,AAPL,46.706471411966646,-1.842256716879831,3.1282456141831148,174.4540134166564,162.8160854602967,1.2325592041015625
2024-04-25,168.87013244628906,169.58581142644354,167.14057238305094,168.51229295621184,50558300.0,AAPL,48.493466395255815,-1.6095937738112411,3.1914364606561594,174.030080120221,162.9000712469665,-5.11907958984375
2024-04-26,168.28367614746094,170.31142312512412,168.16438620722982,168.8601961624801,44838400.0,AAPL,47.33429192252472,-1.4557478818684615,3.249656181541044,173.84278899267142,162.8706723110395,-7.20648193359375
2024-04-29,172.4584503173828,174.97326108846298,172.06085765153782,172.3292258757486,68169400.0,AAPL,55.49069068729038,-0.9855932135791647,3.6046543589809823,174.31052804340254,162.74785055767165,0.805145263671875
2024-04-30,169.3074951171875,173.93952434742974,168.97947431756717,172.2894858404387,65934800.0,AAPL,49.286407528314925,-0.8573648345808351,3.7771848606626697,174.38462153922603,162.82186344612552,0.9442901611328125
2024-05-01,168.28367614746094,171.6732091751753,168.0948143120181,168.56199406268553,50383100.0,AAPL,47.430752997208714,-0.8288026339810699,3.487506479830259,174.36896162033153,162.80273485183645,1.292205810546875
2024-05-02,171.9912872314453,172.37894542666191,169.8641344122997,171.47440458209337,94214900.0,AAPL,54.161402388497144,-0.5012159500710425,3.4853770623856763,174.7594529325031,162.83071582970393,5.954071044921875
2024-05-03,182.27914428710935,185.87740797297917,181.56346535319665,185.52950301417593,163224100.0,AAPL,66.84599753005182,0.5818359001686702,4.184013435099475,177.95793940847366,161.0039441364482,18.269668579101534
2024-05-06,180.61917114257812,183.09421354898845,179.33690673477625,181.2553285088154,78569700.0,AAPL,63.77919949743949,1.2913306784261351,4.062604390263737,179.9006359749528,160.3792880362777,15.77471923828125
2024-05-07,181.30502319335935,183.79001537072008,180.23151991986552,182.34872294128857,77305800.0,AAPL,64.50381154729155,1.8871984810727724,4.128633666873343,181.69796963225315,159.84731082428982,15.406951904296847
2024-05-08,181.6429901123047,181.97101089337855,180.36072568018065,181.75233037266264,45057100.0,AAPL,64.87669347549902,2.3595002632209514,4.0952647793021315,183.28661330880857,159.74568497,13.637619018554688
2024-05-09,183.4620361328125,183.5514922239363,181.0167968050941,181.4640924279037,48983000.0,AAPL,66.8925933370031,2.8477574643949595,4.066156185281715,184.88764519056326,159.0919354979133,14.591903686523438
2024-05-10,182.19793701171875,184.22843448265328,181.28222127480615,184.0393164696827,50759500.0,AAPL,64.1376739643637,3.0970022651774514,4.099811220209053,185.93545870673495,158.714899874808,13.914260864257812
2024-05-13,185.41287231445312,186.22906253508128,183.76059590764,184.57678612826817,72044800.0,AAPL,67.77287335644117,3.5134481330721314,4.236518887345854,187.81897878206698,158.20733652555023,12.954421997070312
2024-05-14,186.55751037597656,187.4234708736874,185.42281765723527,186.63713980034996,52393600.0,AAPL,68.97855442835625,3.890994249486397,4.16074400025674,189.72783153828,158.1179143113294,17.250015258789062
2024-05-15,188.8368682861328,189.76253191302305,186.49780129168897,187.03529613574696,70400000.0,AAPL,71.28257021253212,4.3242797950714476,4.219279112966845,191.7926732214209,158.23761242311036,20.553192138671875
2024-05-16,188.9563140869141,190.21045865928463,188.7771592552961,189.58338637309936,52845200.0,AAPL,71.40243607181725,4.623997425491609,4.168297861973575,193.47884089725056,158.84335453731973,16.96502685546878
2024-05-17,188.9861602783203,189.92178705781208,188.29936976198016,188.62783545187153,41282900.0,AAPL,71.43452049018028,4.808504696212282,3.806357315889995,194.64009925204948,160.1797646395521,6.707015991210966
2024-05-20,190.15072631835935,191.02663488992152,188.1301769262196,188.44869465688268,44361300.0,AAPL,72.72057740783515,4.991163755427181,3.6589578825928055,195.7360646570923,161.61442667591552,9.531555175781222
2024-05-21,191.4546356201172,191.83285642957057,190.03128423275257,190.2004910768324,42309400.0,AAPL,74.12521217494259,5.181408902753702,3.5320419778542913,196.81155330805896,163.09459445805433,10.149612426757841
2024-05-22,190.01136779785156,191.92244369758092,189.38431073139583,191.3750008715001,34648500.0,AAPL,69.8386576488823,5.156281497854366,3.4208179554960134,197.49592468229594,164.6108227542275,8.368377685546875
2024-05-23,186.01010131835935,190.11091836221465,185.76126503778056,190.09100720719516,51005900.0,AAPL,59.55604487079636,4.758644393112178,2.7396417114174585,197.44062714629592,166.38011717743456,2.5480651855468466
2024-05-24,189.0956573486328,189.6928704821682,187.16468542966413,187.94106857836448,36294600.0,AAPL,63.96244165258562,4.639017006989974,2.7343175935315043,197.38726645528132,168.51467598856632,6.8977203369140625
2024-05-28,189.10560607910156,192.1015891258543,188.219749617586,190.61851957640835,52280100.0,AAPL,63.97606989920759,4.4932191871653515,2.7574135976324863,197.57777175720912,169.9888862628104,3.6927337646484375
2024-05-29,189.4042205810547,191.35510374397245,188.6278525845266,188.7273931739324,53068000.0,AAPL,64.41110771476892,4.3516064488583766,2.8371968795073395,196.97713637483255,172.59919419157367,2.846710205078125
2024-05-30,190.39956665039065,191.2854232244703,189.7426503955058,189.8720349370489,49947900.0,AAPL,65.88976825170263,4.2704661671249085,2.7905188241197254,195.5222772580146,176.26564235868463,1.562698364257841
2024-05-31,191.35508728027344,191.67360498875823,189.02598349107927,190.54886021384164,75158300.0,AAPL,67.29459940763874,4.234452308126379,2.769190844821998,194.2340471056349,179.49025251594713,2.3987731933593466
2024-06-03,193.12680053710935,194.0823384761381,191.62383496596823,192.0020557606219,50080500.0,AAPL,69.77987083402297,4.29931370622981,2.676056964286435,194.95083123476056,179.85823401182145,4.140640258789034
2024-06-04,193.4453125,194.41079839334415,192.13144977133211,193.7339558758535,47471400.0,AAPL,70.21802291227806,4.326544374647085,2.69525339734199,195.3399736568963,180.75170572542794,3.2945861816406534
2024-06-05,194.9582366943359,195.9834409155792,193.96289161058436,194.49042328995185,54156800.0,AAPL,72.27432444619836,4.41926270444074,2.6433532397880697,195.92123013569866,181.5357705967232,3.5036010742187216
2024-06-06,193.57472229003903,195.58532376400316,193.2661677207586,194.77909661517052,41181800.0,AAPL,67.67283088209383,4.331177480951197,2.7066287140206446,196.00429378332984,182.64588016686548,3.5633544921874716
2024-06-07,195.97348022460935,196.02325051312175,193.2362814217838,193.74390191398703,53103900.0,AAPL,71.10751708585754,4.404160602844485,2.789810985128219,196.66129524643736,183.24002311293765,9.96337890625
2024-06-10,192.2210235595703,196.3815736009198,191.25553768440523,195.9834264840809,97262100.0,AAPL,60.31213459274502,4.111809974605677,2.9490665531862663,196.1445006572881,184.7591263568721,3.1253662109375
2024-06-11,206.18572998046875,206.19569315156764,192.7286752556452,192.74857122232137,172373300.0,AAPL,75.32536318077437,4.9498957783694095,3.8185735099847897,200.1296739679091,182.85123881285264,17.080123901367188
2024-06-12,212.0782012939453,219.1750019825869,205.9369082694312,206.40472171133436,198134300.0,AAPL,78.94469387727725,6.02016133306708,4.582856420482691,205.09085604009843,180.44212583246016,22.673980712890625
2024-06-13,213.2427520751953,215.7410629536853,210.61504146610727,213.74042465409653,97862700.0,AAPL,79.58212558518761,6.88298128772405,4.638311289278685,209.17355471493264,178.8000155365322,22.84318542480466
2024-06-14,211.50086975097656,214.16838712685717,210.31640674162668,212.8545395919822,70122700.0,AAPL,75.8816793295914,7.3415877187828755,4.650397805094518,211.98226419584336,178.24576162202771,20.145782470703125
